04.10.2011	10,5250	9,8725	
05.10.2011	11,3475	10,8825	
06.10.2011	11,5825	11,3575	
07.10.2011	11,6725	11,7975	
10.10.2011	12,1500	11,8750	
11.10.2011	12,3150	12,0625	
12.10.2011	13,1725	12,7900	
13.10.2011	13,0675	13,0000	
14.10.2011	13,9375	13,8475	
17.10.2011	12,4050	13,8950	
18.10.2011	12,8350	12,3750	
19.10.2011	11,9800	12,9450	
20.10.2011	11,8775	11,9125	
21.10.2011	12,4625	12,3200	
24.10.2011	13,2650	12,7350	
25.10.2011	12,3650	13,0575	
26.10.2011	12,7800	12,8250	
27.10.2011	14,4575	14,1750	
28.10.2011	14,6950	14,2075	
31.10.2011	13,1100	13,9400	
01.11.2011	11,1575	11,1000	
02.11.2011	11,5275	11,6175	
03.11.2011	12,0900	11,8600	
04.11.2011	11,8525	11,7625	
07.11.2011	11,9300	11,7575	
08.11.2011	12,5025	12,1125	
09.11.2011	10,1050	11,5525	
10.11.2011	10,7250	10,6850	
11.11.2011	11,1875	11,1500	
14.11.2011	10,9100	11,0350	
15.11.2011	11,0225	10,7125	
16.11.2011	10,4975	10,6675	
17.11.2011	9,9925	10,3925	
18.11.2011	10,3125	10,2500	
21.11.2011	10,2100	9,7675	
22.11.2011	10,4175	10,1075	
23.11.2011	9,9450	10,1900	
25.11.2011	9,8125	9,9350	
28.11.2011	10,2525	10,4575	
29.11.2011	10,4450	10,3550	
30.11.2011	11,4050	11,1550	
01.12.2011	11,6375	11,3850	
02.12.2011	11,6900	11,9800	
05.12.2011	11,7050	12,1225	
06.12.2011	11,7525	11,6975	
07.12.2011	11,3900	11,6150	
08.12.2011	10,8700	11,0750	
09.12.2011	11,6150	10,9975	
12.12.2011	11,5300	11,3400	
13.12.2011	11,5542	11,8675	
14.12.2011	11,5600	11,5750	
15.12.2011	11,9900	12,0148	
16.12.2011	12,0875	12,3925	
19.12.2011	12,1750	12,1950	
20.12.2011	12,9300	12,7400	
21.12.2011	13,8100	13,1100	
22.12.2011	13,7450	14,1125	
23.12.2011	13,4250	13,9275	
27.12.2011	13,5062	13,4075	
28.12.2011	12,9300	13,5950	
29.12.2011	13,2575	13,1525	
30.12.2011	13,0700	13,2750	
03.01.2012	13,7225	13,6550	
04.01.2012	13,9775	13,5725	
05.01.2012	14,3075	13,6975	
06.01.2012	14,5400	14,4175	
09.01.2012	14,7400	14,6575	
10.01.2012	15,0250	15,1600	
11.01.2012	14,7700	14,8775	
12.01.2012	14,9750	14,8425	
13.01.2012	14,5950	14,5875	
17.01.2012	14,7175	15,0975	
18.01.2012	15,2450	14,7900	
19.01.2012	15,6625	15,4850	
20.01.2012	16,1325	15,5675	
23.01.2012	16,5350	16,1525	
24.01.2012	16,4525	16,1100	
25.01.2012	17,1950	16,4450	
26.01.2012	17,1250	17,5825	
27.01.2012	17,5550	16,9100	
30.01.2012	17,0000	16,8075	
31.01.2012	17,0300	17,4175	
01.02.2012	17,4625	17,3625	
02.02.2012	17,9900	17,7650	
03.02.2012	18,9550	18,7375	
06.02.2012	19,1425	18,8225	
07.02.2012	19,0025	19,1325	
08.02.2012	18,5925	19,0375	
09.02.2012	17,6475	18,4750	
10.02.2012	16,0553	16,6800	
13.02.2012	17,4200	17,0700	
14.02.2012	16,8325	17,1250	
15.02.2012	15,8475	16,5170	
16.02.2012	16,4250	15,5000	
17.02.2012	16,6700	16,6850	
21.02.2012	16,6825	16,8675	
22.02.2012	17,1175	16,5875	
23.02.2012	18,2500	17,1400	
24.02.2012	17,5525	18,5575	
27.02.2012	17,4125	16,9500	
28.02.2012	17,5900	17,2150	
29.02.2012	17,8650	17,9150	
01.03.2012	18,2125	18,0250	
02.03.2012	18,0900	18,2350	
05.03.2012	18,1250	17,9400	
06.03.2012	16,7025	16,9525	
07.03.2012	17,5125	16,9100	
08.03.2012	18,1800	17,9275	
09.03.2012	18,5450	18,4275	
12.03.2012	19,3850	18,7825	
13.03.2012	20,3000	19,9600	
14.03.2012	19,5975	20,4300	
15.03.2012	19,8550	19,3775	
16.03.2012	19,9100	19,9950	
19.03.2012	21,1325	20,0550	
20.03.2012	22,0850	20,5750	
21.03.2012	23,1500	22,5100	
22.03.2012	22,8350	22,1625	
23.03.2012	24,4300	23,0150	
26.03.2012	26,7525	25,3750	
27.03.2012	24,1225	26,2475	
28.03.2012	23,8175	24,0525	
29.03.2012	23,9625	22,3800	
30.03.2012	24,5325	24,9700	
02.04.2012	24,5525	24,3758	
03.04.2012	24,1175	24,6925	
04.04.2012	23,5500	22,8875	
05.04.2012	23,0125	22,9900	
06.04.2012			
09.04.2012	21,6125	21,6825	
10.04.2012	19,8575	21,4900	
11.04.2012	20,3525	20,9125	
12.04.2012	22,1450	20,6575	
13.04.2012	20,7750	22,1500	
16.04.2012	21,1000	21,5075	
17.04.2012	22,2500	21,8275	
18.04.2012	21,8525	22,0100	
19.04.2012	21,6900	21,9425	
20.04.2012	22,3975	22,1650	
23.04.2012	21,6700	21,2625	
24.04.2012	22,1550	21,7375	
25.04.2012	23,5400	23,0700	
26.04.2012	24,3350	23,4875	
27.04.2012	24,3900	24,4750	
30.04.2012	23,8425	24,0950	
01.05.2012	24,5500	23,9075	
02.05.2012	24,3700	24,0500	
03.05.2012	23,8525	24,5450	
04.05.2012	22,7850	23,6200	
07.05.2012	23,1050	22,2575	
08.05.2012	22,9100	22,6150	
09.05.2012	22,0000	21,7700	
10.05.2012	22,7050	22,6600	
11.05.2012	22,3400	22,0900	
14.05.2012	21,0198	21,3900	
15.05.2012	20,0000	20,8850	
16.05.2012	19,2559	20,2525	
17.05.2012	18,3300	19,4325	
18.05.2012	17,1000	18,4300	
21.05.2012	18,9525	17,1800	
22.05.2012	18,1900	19,1800	
23.05.2012	18,5403	17,7700	
24.05.2012	18,3750	18,7200	
25.05.2012	18,6076	18,3950	
29.05.2012	19,4550	19,1300	
30.05.2012	18,1448	18,9350	
31.05.2012	17,8000	17,9150	
01.06.2012	16,3275	16,4950	
04.06.2012	17,0275	16,6825	
05.06.2012	17,3505	16,8200	
06.06.2012	18,6350	17,9150	
07.06.2012	18,8275	19,4900	
08.06.2012	19,8325	18,6875	
11.06.2012	18,1100	20,5625	
12.06.2012	18,3400	18,1575	
13.06.2012	17,3825	17,8650	
14.06.2012	18,4975	17,5225	
15.06.2012	19,2300	18,6125	
18.06.2012	20,8675	19,3575	
19.06.2012	21,2400	21,5850	
20.06.2012	22,1225	21,2525	
21.06.2012	19,4600	22,0525	
22.06.2012	21,5200	20,2275	
25.06.2012	19,9325	20,2200	
26.06.2012	20,5800	20,5650	
27.06.2012	20,3900	20,8700	
28.06.2012	21,0350	20,1625	
29.06.2012	22,4575	22,2775	
02.07.2012	23,8775	22,9100	
03.07.2012	24,3575	24,0225	
05.07.2012	23,4600	24,2125	
06.07.2012	23,6225	22,7575	
09.07.2012	23,8600	23,8300	
10.07.2012	23,1975	24,2425	
11.07.2012	23,8875	23,2325	
12.07.2012	23,6575	23,3275	
13.07.2012	25,0425	24,0550	
16.07.2012	25,3225	25,1050	
17.07.2012	26,2300	25,7975	
18.07.2012	25,9475	26,1150	
19.07.2012	26,5375	26,1625	
20.07.2012	25,1250	25,7500	
23.07.2012	23,3725	23,1300	
24.07.2012	22,4850	23,4775	
25.07.2012	22,7075	22,5950	
26.07.2012	24,4700	24,1150	
27.07.2012	25,0650	25,4650	
30.07.2012	24,5425	25,2800	
31.07.2012	23,8150	24,0125	
01.08.2012	24,3300	24,2625	
02.08.2012	24,8750	23,6975	
03.08.2012	26,6150	25,8325	
06.08.2012	27,2225	26,9950	
07.08.2012	26,4250	27,6250	
08.08.2012	27,5025	26,4875	
09.08.2012	27,6125	27,2700	
10.08.2012	28,1050	27,3150	
13.08.2012	28,8725	28,0150	
14.08.2012	27,3800	28,7775	
15.08.2012	27,3850	27,3950	
16.08.2012	27,9325	27,5075	
17.08.2012	28,6750	28,2025	
20.08.2012	28,6975	28,4250	
21.08.2012	27,9200	29,0550	
22.08.2012	27,7150	27,4225	
23.08.2012	27,1375	27,5075	
24.08.2012	28,2175	26,8360	
27.08.2012	28,0575	28,4975	
28.08.2012	27,5300	27,5775	
29.08.2012	27,3950	27,5625	
30.08.2012	26,8300	26,7700	
31.08.2012	27,6325	27,2500	
04.09.2012	27,9175	27,5475	
05.09.2012	28,6175	27,9875	
06.09.2012	31,6450	29,2700	
07.09.2012	33,4300	32,2675	
10.09.2012	31,5275	32,8875	
11.09.2012	31,6700	31,5525	
12.09.2012	32,5000	32,2625	
13.09.2012	34,8600	32,4675	
14.09.2012	33,6650	35,5450	
17.09.2012	33,8375	33,0500	
18.09.2012	34,7250	33,6550	
19.09.2012	34,7850	35,3750	
20.09.2012	35,1300	34,4625	
21.09.2012	35,3425	35,0900	
24.09.2012	35,8175	34,9425	
25.09.2012	33,1400	36,2300	
26.09.2012	31,8150	32,5125	
27.09.2012	34,7375	32,9550	
28.09.2012	33,6850	33,9375	
01.10.2012	33,3650	34,5100	
02.10.2012	34,0325	33,7925	
03.10.2012	34,1575	34,0000	
04.10.2012	34,9750	34,4400	
05.10.2012	35,4350	36,0800	
08.10.2012	35,0400	34,9525	
09.10.2012	33,5150	34,9700	
10.10.2012	33,8950	33,8900	
11.10.2012	34,2200	34,3950	
12.10.2012	34,0000	34,9200	
15.10.2012	35,1600	34,2900	
16.10.2012	35,9450	35,7550	
17.10.2012	36,4250	35,9650	
18.10.2012	36,4750	36,1650	
19.10.2012	34,1800	36,1700	
22.10.2012	34,6200	34,2750	
23.10.2012	31,8400	32,6600	
24.10.2012	31,5700	32,1900	
25.10.2012	32,3850	32,6550	
26.10.2012	32,4700	32,4100	
31.10.2012	31,7750	33,1500	
01.11.2012	34,3400	32,1600	
02.11.2012	33,4400	34,7750	
05.11.2012	32,7950	32,9350	
06.11.2012	33,9300	33,0450	
07.11.2012	31,2300	33,0850	
08.11.2012	30,9650	31,2750	
09.11.2012	30,9850	30,6500	
12.11.2012	32,9850	31,3200	
13.11.2012	32,9150	32,2100	
14.11.2012	31,8000	33,8600	
15.11.2012	31,4550	31,8100	
16.11.2012	32,9100	31,8400	
19.11.2012	35,7300	34,0750	
20.11.2012	36,3100	36,1250	
21.11.2012	36,0700	36,4100	
23.11.2012	37,6450	36,8550	
26.11.2012	37,9550	36,9900	
27.11.2012	37,1150	38,2000	
28.11.2012	38,1250	36,4850	
29.11.2012	38,6400	38,7300	
30.11.2012	37,8850	39,0050	
03.12.2012	37,1800	38,9450	
04.12.2012	36,4800	36,9000	
05.12.2012	37,0850	36,5000	
06.12.2012	36,6554	37,0900	
07.12.2012	37,9150	37,2150	
10.12.2012	37,4545	37,5800	
11.12.2012	38,6850	37,8950	
12.12.2012	37,7250	38,8500	
13.12.2012	37,0050	37,7850	
14.12.2012	36,7600	36,8000	
17.12.2012	38,0000	36,6150	
18.12.2012	39,4200	38,6050	
19.12.2012	37,0800	39,4650	
20.12.2012	36,2250	37,2000	
21.12.2012	33,8500	33,2800	
24.12.2012	34,4750	34,4700	
26.12.2012	32,6250	33,9350	
27.12.2012	32,6050	32,6550	
28.12.2012	30,9250	31,5650	
31.12.2012	32,7250	29,3650	
02.01.2013	36,7300	35,8750	
03.01.2013	36,4250	36,3300	
04.01.2013	37,1650	36,4750	
07.01.2013	37,1500	36,7700	
08.01.2013	37,5750	37,4150	
09.01.2013	37,5200	38,2250	
10.01.2013	38,4550	38,2400	
11.01.2013	38,5700	38,4000	
14.01.2013	39,2400	38,6600	
15.01.2013	39,2250	38,7700	
16.01.2013	40,1050	39,5450	
17.01.2013	39,8200	40,5900	
18.01.2013	42,3200	40,2600	
22.01.2013	43,6100	42,4050	
23.01.2013	44,7450	43,5550	
24.01.2013	44,4800	44,4250	
25.01.2013	44,1400	44,3700	
28.01.2013	42,9000	44,2950	
29.01.2013	44,2550	42,2850	
30.01.2013	41,4700	43,1950	
31.01.2013	41,2800	41,1250	
01.02.2013	43,3650	42,9000	
04.02.2013	40,5400	42,1950	
05.02.2013	42,3000	41,4600	
06.02.2013	42,4950	41,4150	
07.02.2013	42,6450	43,0750	
08.02.2013	43,4650	42,9250	
11.02.2013	44,0750	43,7000	
12.02.2013	44,6500	44,3350	
13.02.2013	44,4900	44,8000	
14.02.2013	45,1150	44,2400	
15.02.2013	45,4650	45,6200	
19.02.2013	47,3700	45,7800	
20.02.2013	43,2300	47,2400	
21.02.2013	42,3600	43,1050	
22.02.2013	43,7900	43,4050	
25.02.2013	37,6700	45,3050	
26.02.2013	38,3100	37,8600	
27.02.2013	40,7550	38,0550	
28.02.2013	39,5600	40,9100	
01.03.2013	38,9500	37,8050	
04.03.2013	40,9650	38,3850	
05.03.2013	42,2850	42,2750	
06.03.2013	42,0200	42,7400	
07.03.2013	42,9124	42,1850	
08.03.2013	43,4750	43,6450	
11.03.2013	45,2950	43,4850	
12.03.2013	44,4950	45,1300	
13.03.2013	44,7450	44,7300	
14.03.2013	45,5850	45,3500	
15.03.2013	45,6250	45,4250	
18.03.2013	43,2650	42,7100	
19.03.2013	43,0750	44,2100	
20.03.2013	45,5050	44,7050	
21.03.2013	44,1400	44,3550	
22.03.2013	44,2850	44,9500	
25.03.2013	44,6950	45,4200	
26.03.2013	45,9900	45,6150	
27.03.2013	45,6300	44,9400	
28.03.2013	45,5400	45,7550	
01.04.2013	45,5885	45,9650	
02.04.2013	47,0300	46,2700	
03.04.2013	45,3050	47,0900	
04.04.2013	46,0750	45,4000	
05.04.2013	45,8950	43,4700	
08.04.2013	47,0550	46,1950	
09.04.2013	47,7100	47,4400	
10.04.2013	48,9050	48,2500	
11.04.2013	49,1745	49,1850	
12.04.2013	50,0500	48,6500	
15.04.2013	44,2500	49,7500	
16.04.2013	46,2250	44,8250	
17.04.2013	41,2200	44,5800	
18.04.2013	39,1050	41,0650	
19.04.2013	41,6850	39,6150	
22.04.2013	42,8200	41,6800	
23.04.2013	44,8950	44,2050	
24.04.2013	44,8650	44,9350	
25.04.2013	44,3300	45,3100	
26.04.2013	44,2950	43,8200	
29.04.2013	44,5350	45,0000	
30.04.2013	44,9900	44,5350	
01.05.2013	43,0200	44,5000	
02.05.2013	44,5700	43,8000	
03.05.2013	45,5250	45,5700	
06.05.2013	46,2850	45,5250	
07.05.2013	46,6500	46,9100	
08.05.2013	46,3950	46,2900	
09.05.2013	45,5100	46,0200	
10.05.2013	45,9350	45,2450	
13.05.2013	46,2850	45,9400	
14.05.2013	46,6350	46,4650	
15.05.2013	46,3150	46,0500	
16.05.2013	45,8150	45,9000	
17.05.2013	47,0300	46,0750	
20.05.2013	46,3900	46,4800	
21.05.2013	46,0550	46,6600	
22.05.2013	45,5250	46,3900	
23.05.2013	45,0950	43,2150	
24.05.2013	45,1400	44,5800	
28.05.2013	46,3950	46,5050	
29.05.2013	45,7050	45,6050	
30.05.2013	45,7500	45,5800	
31.05.2013	44,0500	45,1900	
03.06.2013	44,2250	44,1950	
04.06.2013	43,7450	43,9300	
05.06.2013	41,7750	42,8500	
06.06.2013	42,2550	41,3750	
07.06.2013	44,2750	43,4150	
10.06.2013	44,7450	44,7750	
11.06.2013	41,8450	42,8450	
12.06.2013	39,3400	42,6950	
13.06.2013	41,2100	39,2700	
14.06.2013	40,1500	40,9650	
17.06.2013	40,7450	40,9550	
18.06.2013	41,3800	40,9100	
19.06.2013	41,3900	40,9550	
20.06.2013	36,6950	39,6000	
21.06.2013	37,9000	37,8400	
24.06.2013	35,7350	35,8750	
25.06.2013	36,7200	36,7850	
26.06.2013	37,5250	37,6200	
27.06.2013	39,0150	38,4600	
28.06.2013	39,2100	38,2200	
01.07.2013	40,5250	39,7350	
02.07.2013	39,8350	40,0350	
03.07.2013	40,4300	39,4650	
05.07.2013	42,5050	41,4600	
08.07.2013	44,3000	43,6100	
09.07.2013	45,2550	45,4500	
10.07.2013	45,6700	45,1850	
11.07.2013	46,9750	47,1950	
12.07.2013	46,5050	46,9400	
15.07.2013	47,4850	46,9150	
16.07.2013	46,1900	47,5750	
17.07.2013	47,7200	46,8500	
18.07.2013	48,5100	48,1350	
19.07.2013	49,5451	48,0900	
22.07.2013	50,7100	49,8200	
23.07.2013	50,9350	51,0850	
24.07.2013	50,3450	51,2100	
25.07.2013	51,5100	49,7150	
26.07.2013	51,6250	50,8950	
29.07.2013	51,0350	51,1100	
30.07.2013	51,9150	51,2100	
31.07.2013	53,1000	52,0300	
01.08.2013	54,8100	54,5300	
02.08.2013	56,2400	54,6300	
05.08.2013	56,8800	56,3050	
06.08.2013	55,2000	56,5350	
07.08.2013	54,5000	54,2000	
08.08.2013	55,3350	55,5600	
09.08.2013	54,6200	55,2200	
12.08.2013	54,8450	53,4750	
13.08.2013	55,4750	55,3550	
14.08.2013	54,8400	55,7300	
15.08.2013	52,0550	53,0650	
16.08.2013	53,0050	52,1100	
19.08.2013	51,7050	52,7600	
20.08.2013	52,0400	51,3800	
21.08.2013	51,0800	51,2550	
22.08.2013	52,3650	51,7650	
23.08.2013	53,5800	52,8400	
26.08.2013	51,7100	53,9300	
27.08.2013	47,4800	49,2750	
28.08.2013	47,5200	47,0950	
29.08.2013	46,6150	46,8800	
30.08.2013	46,0600	46,8750	
03.09.2013	47,7050	48,1050	
04.09.2013	47,8350	47,7350	
05.09.2013	48,9850	48,0140	
06.09.2013	48,6100	49,6250	
09.09.2013	50,4050	49,1300	
10.09.2013	52,2400	51,8100	
11.09.2013	53,9150	51,8900	
12.09.2013	53,0000	54,0200	
13.09.2013	53,9650	54,0050	
16.09.2013	54,2900	55,0000	
17.09.2013	54,9100	54,3400	
18.09.2013	57,0300	54,6550	
19.09.2013	57,2500	57,5850	
20.09.2013	56,0900	57,0350	
23.09.2013	55,5300	56,3850	
24.09.2013	55,5750	55,7100	
25.09.2013	55,9150	55,7700	
26.09.2013	56,8900	56,6400	
27.09.2013	54,6000	55,9550	
30.09.2013	52,6200	52,1200	
01.10.2013	54,3600	52,4850	
02.10.2013	52,7650	53,1600	
03.10.2013	50,7350	52,1800	
04.10.2013	50,9250	49,9500	
07.10.2013	47,1550	48,8450	
08.10.2013	44,8100	46,9850	
09.10.2013	46,3750	44,8950	
10.10.2013	50,7800	48,0250	
11.10.2013	51,8200	50,6850	
14.10.2013	51,1650	49,6300	
15.10.2013	48,0200	50,5550	
16.10.2013	53,7189	50,5050	
17.10.2013	56,6750	53,1400	
18.10.2013	57,1650	57,6000	
21.10.2013	56,8600	58,5000	
22.10.2013	56,7650	58,0700	
23.10.2013	56,3650	55,9050	
24.10.2013	57,1450	56,6000	
25.10.2013	57,3750	57,2600	
28.10.2013	56,9450	57,0150	
29.10.2013	57,4450	57,0800	
30.10.2013	56,6950	57,4800	
31.10.2013	56,9950	56,7500	
01.11.2013	57,3100	57,4600	
04.11.2013	58,7700	57,6950	
05.11.2013	58,9800	58,3750	
06.11.2013	59,8900	59,5550	
07.11.2013	57,7950	60,0750	
08.11.2013	60,1250	58,3900	
11.11.2013	60,4100	60,1350	
12.11.2013	60,5350	60,2950	
13.11.2013	60,7450	59,6900	
14.11.2013	61,4550	60,8950	
15.11.2013	62,2700	61,8400	
18.11.2013	62,1800	63,1600	
19.11.2013	61,4300	62,4850	
20.11.2013	62,6600	60,8550	
21.11.2013	64,8150	63,3850	
22.11.2013	65,7000	65,1450	
25.11.2013	65,4300	66,3650	
26.11.2013	65,0600	65,5050	
27.11.2013	65,0250	65,5500	
29.11.2013	64,2450	65,2950	
02.12.2013	63,7400	64,5000	
03.12.2013	62,1050	62,4900	
04.12.2013	62,7800	60,8750	
05.12.2013	62,2950	63,1850	
06.12.2013	64,4750	63,6500	
09.12.2013	64,9450	65,0100	
10.12.2013	64,6250	64,5350	
11.12.2013	61,5900	64,7950	
12.12.2013	61,3250	61,9150	
13.12.2013	61,1850	61,4500	
16.12.2013	61,1700	61,9150	
17.12.2013	61,3350	60,3650	
18.12.2013	65,6650	61,9450	
19.12.2013	65,0100	65,2400	
20.12.2013	64,6700	65,5600	
23.12.2013	67,0150	65,5000	
24.12.2013	68,3050	68,0000	
26.12.2013	69,5050	69,7350	
27.12.2013	68,4900	69,6850	
30.12.2013	67,4300	68,2100	
31.12.2013	67,4700	68,2050	
02.01.2014	66,1150	66,4500	
03.01.2014	66,5150	66,6850	
06.01.2014	67,3100	67,6650	
07.01.2014	68,8850	68,0750	
08.01.2014	68,7700	68,4400	
09.01.2014	68,5900	68,9350	
10.01.2014	70,2000	69,2000	
13.01.2014	67,7650	69,9750	
14.01.2014	70,4650	68,5950	
15.01.2014	70,2400	70,6400	
16.01.2014	69,8750	70,0050	
17.01.2014	69,7550	69,5850	
21.01.2014	70,5450	70,4100	
22.01.2014	71,6300	71,3050	
23.01.2014	69,6900	70,7050	
24.01.2014	63,3900	67,6800	
27.01.2014	61,8100	62,8000	
28.01.2014	64,3200	61,7400	
29.01.2014	59,8700	61,1700	
30.01.2014	60,8600	61,7800	
31.01.2014	56,2600	55,4200	
03.02.2014	52,1600	55,5000	
04.02.2014	53,0700	52,8800	
05.02.2014	51,1800	52,0200	
06.02.2014	56,1600	51,8200	
07.02.2014	59,5800	57,6300	
10.02.2014	59,4600	59,7900	
11.02.2014	61,7100	60,4500	
12.02.2014	63,0000	62,5100	
13.02.2014	63,4600	61,1500	
14.02.2014	64,4000	63,6700	
18.02.2014	65,2300	65,0000	
19.02.2014	60,7800	64,4000	
20.02.2014	63,1000	61,4600	
21.02.2014	62,4800	63,7500	
24.02.2014	62,9200	62,7400	
25.02.2014	62,8800	63,0900	
26.02.2014	62,0500	62,9900	
27.02.2014	62,2300	61,1600	
28.02.2014	61,2000	62,1100	
03.03.2014	57,7300	57,4900	
04.03.2014	61,3200	60,7400	
05.03.2014	61,2500	61,2800	
06.03.2014	61,7000	61,5500	
07.03.2014	60,2700	62,1200	
10.03.2014	60,5900	59,8200	
11.03.2014	59,7300	60,7000	
12.03.2014	59,8300	58,5400	
13.03.2014	57,3500	60,5700	
14.03.2014	55,7700	56,2100	
17.03.2014	58,2800	57,2000	
18.03.2014	60,4500	59,5400	
19.03.2014	59,2800	60,3800	
20.03.2014	59,6800	58,8500	
21.03.2014	59,2400	60,4300	
24.03.2014	59,0800	59,4000	
25.03.2014	59,8500	59,7900	
26.03.2014	58,7601	60,4200	
27.03.2014	59,5100	58,8700	
28.03.2014	60,1100	60,0400	
31.03.2014	61,9700	60,6700	
01.04.2014	64,0700	62,2000	
02.04.2014	63,6200	64,0000	
03.04.2014	63,7100	63,6100	
04.04.2014	62,3600	64,7600	
07.04.2014	60,9800	61,7200	
08.04.2014	62,0900	61,2300	
09.04.2014	63,5700	62,8300	
10.04.2014	59,7600	63,5000	
11.04.2014	57,8900	59,0700	
14.04.2014	58,3700	59,0000	
15.04.2014	59,0200	58,7300	
16.04.2014	61,1100	60,1100	
17.04.2014	61,9900	60,9600	
21.04.2014	63,1800	62,0400	
22.04.2014	63,3500	62,9500	
23.04.2014	63,0200	63,0300	
24.04.2014	62,2800	63,3800	
25.04.2014	61,8300	61,8600	
28.04.2014	63,1700	62,3100	
29.04.2014	64,3100	63,4900	
30.04.2014	64,2200	63,9300	
01.05.2014	64,2900	64,0800	
02.05.2014	64,6500	65,0000	
05.05.2014	65,3000	63,6500	
06.05.2014	64,7200	65,0000	
07.05.2014	66,0800	64,9600	
08.05.2014	65,8900	66,1900	
09.05.2014	67,3500	66,1300	
12.05.2014	69,2900	68,1200	
13.05.2014	69,1300	69,4700	
14.05.2014	69,5200	68,8300	
15.05.2014	68,6900	69,2100	
16.05.2014	70,3600	69,2600	
19.05.2014	71,2100	70,1100	
20.05.2014	71,8300	71,3000	
21.05.2014	72,8800	72,4300	
22.05.2014	72,9500	72,9100	
23.05.2014	73,5100	72,9500	
27.05.2014	75,7800	74,7500	
28.05.2014	75,9900	75,7100	
29.05.2014	76,2550	76,3100	
30.05.2014	76,3900	76,2200	
02.06.2014	76,9200	76,3900	
03.06.2014	76,5800	76,3000	
04.06.2014	77,3900	76,0620	
05.06.2014	80,1000	78,4300	
06.06.2014	84,1100	82,2400	
09.06.2014	83,0000	84,6200	
10.06.2014	84,4700	82,6400	
11.06.2014	82,6000	83,0100	
12.06.2014	78,5400	82,0200	
13.06.2014	79,9100	79,1400	
16.06.2014	80,0400	79,5600	
17.06.2014	82,6600	80,2400	
18.06.2014	87,1800	82,9200	
19.06.2014	86,8300	87,7800	
20.06.2014	85,6200	87,0800	
23.06.2014	87,7200	85,7700	
24.06.2014	84,5000	86,8400	
25.06.2014	87,6900	83,0800	
26.06.2014	86,6600	87,7900	
27.06.2014	87,3900	85,8500	
30.06.2014	88,2700	87,4800	
01.07.2014	90,5100	89,0500	
02.07.2014	91,4100	90,8500	
03.07.2014	92,7000	93,0900	
07.07.2014	90,6950	92,2500	
08.07.2014	89,2700	90,0900	
09.07.2014	91,0400	90,7100	
10.07.2014	87,7800	86,1900	
11.07.2014	88,8600	87,8100	
14.07.2014	91,2100	90,7400	
15.07.2014	89,5200	91,7400	
16.07.2014	91,7700	92,1600	
17.07.2014	83,1000	90,6200	
18.07.2014	89,1000	86,6000	
21.07.2014	87,0400	88,1500	
22.07.2014	88,7600	88,9600	
23.07.2014	87,9600	89,2500	
24.07.2014	88,5900	88,7100	
25.07.2014	85,9200	87,0500	
28.07.2014	86,3100	86,3000	
29.07.2014	86,5300	86,8200	
30.07.2014	85,0900	87,4200	
31.07.2014	77,8200	82,2900	
01.08.2014	74,0100	77,0400	
04.08.2014	77,1299	74,5000	
05.08.2014	71,8033	75,5100	
06.08.2014	71,4600	70,4100	
07.08.2014	69,9900	73,2300	
08.08.2014	72,6300	69,9100	
11.08.2014	75,6200	74,1200	
12.08.2014	76,1000	75,8500	
13.08.2014	80,4000	78,0000	
14.08.2014	82,9300	81,4100	
15.08.2014	82,9500	84,6600	
18.08.2014	86,1800	85,5900	
19.08.2014	86,9400	87,1400	
20.08.2014	86,2800	85,7000	
21.08.2014	86,0700	86,0700	
22.08.2014	86,4200	86,3100	
25.08.2014	87,2500	87,4000	
26.08.2014	86,4500	87,2500	
27.08.2014	85,9100	86,3300	
28.08.2014	84,4700	83,4300	
29.08.2014	85,0300	85,4700	
02.09.2014	84,4600	85,0300	
03.09.2014	85,4500	85,8900	
04.09.2014	85,2900	86,0400	
05.09.2014	87,0100	85,7400	
08.09.2014	86,8400	86,7000	
09.09.2014	84,4600	86,2600	
10.09.2014	85,0500	84,4000	
11.09.2014	85,2900	83,5400	
12.09.2014	83,4300	85,0100	
15.09.2014	81,2700	83,0500	
16.09.2014	85,2000	80,4200	
17.09.2014	85,9500	85,5800	
18.09.2014	87,1900	86,6300	
19.09.2014	87,1400	88,0300	
22.09.2014	84,1200	86,0900	
23.09.2014	81,0000	81,9100	
24.09.2014	83,5200	81,3800	
25.09.2014	77,2500	82,7200	
26.09.2014	79,9000	77,8800	
29.09.2014	76,0800	75,6300	
30.09.2014	74,9400	75,6400	
01.10.2014	73,3800	74,9800	
02.10.2014	73,9400	72,8400	
03.10.2014	78,4200	76,4400	
06.10.2014	77,0500	80,1600	
07.10.2014	71,6200	75,1800	
08.10.2014	77,4400	71,2500	
09.10.2014	70,2400	76,3600	
10.10.2014	62,4600	69,9000	
13.10.2014	56,3500	63,4000	
14.10.2014	56,7100	57,1000	
15.10.2014	55,5900	52,2800	
16.10.2014	53,2600	48,7200	
17.10.2014	55,5100	56,9000	
20.10.2014	59,8000	55,2700	
21.10.2014	64,2300	61,9100	
22.10.2014	59,0400	64,6000	
23.10.2014	62,7600	63,0000	
24.10.2014	63,4300	62,7400	
27.10.2014	64,3000	62,2900	
28.10.2014	68,5800	65,3200	
29.10.2014	67,3800	68,3200	
30.10.2014	67,0600	65,9300	
31.10.2014	68,8200	69,2500	
03.11.2014	67,6800	68,8400	
04.11.2014	68,1600	67,1800	
05.11.2014	69,0600	69,4200	
06.11.2014	70,7800	69,4300	
07.11.2014	71,8000	70,8600	
10.11.2014	74,4800	72,1000	
11.11.2014	74,5800	74,8600	
12.11.2014	73,6200	72,7400	
13.11.2014	72,7200	73,2200	
14.11.2014	72,5000	72,3400	
17.11.2014	72,6000	71,7900	
18.11.2014	73,9600	73,1000	
19.11.2014	72,1100	72,9400	
20.11.2014	72,8700	70,7600	
21.11.2014	74,3400	75,0400	
24.11.2014	75,8900	74,9900	
25.11.2014	76,5000	76,2000	
26.11.2014	77,7000	76,2800	
28.11.2014	75,6000	77,3100	
01.12.2014	72,3800	74,0000	
02.12.2014	76,2000	72,4100	
03.12.2014	77,3800	76,9500	
04.12.2014	77,2800	76,3800	
05.12.2014	78,5400	78,5000	
08.12.2014	75,4200	78,1200	
09.12.2014	74,4800	71,4600	
10.12.2014	66,8400	72,9200	
11.12.2014	62,5600	67,2000	
12.12.2014	59,0000	59,5800	
15.12.2014	60,3600	61,8100	
16.12.2014	57,5700	58,9900	
17.12.2014	62,8300	56,5900	
18.12.2014	64,8500	65,9700	
19.12.2014	65,3200	65,0800	
22.12.2014	68,5000	66,9900	
23.12.2014	68,3700	68,9000	
24.12.2014	68,8800	69,1600	
26.12.2014	68,2200	68,8700	
29.12.2014	68,3300	67,7300	
30.12.2014	66,6300	67,2600	
31.12.2014	61,1686	66,9200	
02.01.2015	62,2700	63,3800	
05.01.2015	57,9600	60,6200	
06.01.2015	56,4800	58,2200	
07.01.2015	58,3200	58,1900	
08.01.2015	61,9400	60,5000	
09.01.2015	59,6600	62,7100	
12.01.2015	56,7600	59,0800	
13.01.2015	55,1200	58,0500	
14.01.2015	54,1000	52,5300	
15.01.2015	52,4800	54,7600	
16.01.2015	53,4200	52,3000	
20.01.2015	53,9200	55,1000	
21.01.2015	56,4900	53,3200	
22.01.2015	60,1700	58,0600	
23.01.2015	58,6000	59,3100	
26.01.2015	61,2300	59,0600	
27.01.2015	58,3000	57,9200	
28.01.2015	53,2600	59,9900	
29.01.2015	54,5200	52,9200	
30.01.2015	48,8500	52,7100	
02.02.2015	51,8700	50,7800	
03.02.2015	54,3800	52,7100	
04.02.2015	52,8100	53,5200	
05.02.2015	54,6200	53,3400	
06.02.2015	52,3200	55,3400	
09.02.2015	52,0600	51,3500	
10.02.2015	54,0100	53,2600	
11.02.2015	53,6300	53,4400	
12.02.2015	57,0100	55,0000	
13.02.2015	57,7400	57,2600	
17.02.2015	57,5600	57,1700	
18.02.2015	57,9500	56,8400	
19.02.2015	59,3900	57,3800	
20.02.2015	61,4200	58,1200	
23.02.2015	61,1200	60,7500	
24.02.2015	63,7200	61,3700	
25.02.2015	63,2200	63,5600	
26.02.2015	63,9300	63,4300	
27.02.2015	64,3300	64,0500	
02.03.2015	66,4600	64,6200	
03.03.2015	64,9800	65,7800	
04.03.2015	65,1400	64,0700	
05.03.2015	65,9300	65,5900	
06.03.2015	62,9800	64,9600	
09.03.2015	63,8800	62,9800	
10.03.2015	61,8000	62,0400	
11.03.2015	60,2600	61,5400	
12.03.2015	63,8400	61,3700	
13.03.2015	62,3800	63,6600	
16.03.2015	63,8600	63,2100	
17.03.2015	64,1700	62,9700	
18.03.2015	66,9900	63,8100	
19.03.2015	66,8600	65,9100	
20.03.2015	67,9800	67,6200	
23.03.2015	69,2000	68,4200	
24.03.2015	69,4800	69,1100	
25.03.2015	66,3600	69,7600	
26.03.2015	66,9000	65,0000	
27.03.2015	67,7300	66,8900	
30.03.2015	69,7400	69,2500	
31.03.2015	68,0400	69,4700	
01.04.2015	68,0200	67,8200	
02.04.2015	69,4400	68,5000	
06.04.2015	70,9900	68,7300	
07.04.2015	71,1200	71,4400	
08.04.2015	72,4400	71,4400	
09.04.2015	74,8600	72,8000	
10.04.2015	78,3400	75,4600	
13.04.2015	75,9100	79,1500	
14.04.2015	76,7500	75,2000	
15.04.2015	78,4500	77,7600	
16.04.2015	80,0100	78,0400	
17.04.2015	77,2000	77,4000	
20.04.2015	79,5400	78,7500	
21.04.2015	79,9900	80,8000	
22.04.2015	80,7400	80,2900	
23.04.2015	81,5100	80,2000	
24.04.2015	82,3100	82,0200	
27.04.2015	79,9200	83,0700	
28.04.2015	82,6700	79,3100	
29.04.2015	80,4000	80,6000	
30.04.2015	78,1800	79,4000	
01.05.2015	81,9600	79,4000	
04.05.2015	81,8700	82,5700	
05.05.2015	79,0500	81,3700	
06.05.2015	77,7300	79,9700	
07.05.2015	78,3400	77,3500	
08.05.2015	82,4500	81,4200	
11.05.2015	80,2000	82,2400	
12.05.2015	80,5500	78,9700	
13.05.2015	81,9700	81,2700	
14.05.2015	83,6400	82,8300	
15.05.2015	84,3000	84,0000	
18.05.2015	87,1500	84,3300	
19.05.2015	88,2900	87,5900	
20.05.2015	88,0515	88,5000	
21.05.2015	90,5000	87,6900	
22.05.2015	90,3200	90,7500	
26.05.2015	86,8100	89,3700	
27.05.2015	90,0500	87,7300	
28.05.2015	89,1900	89,1500	
29.05.2015	88,5000	88,9300	
01.06.2015	89,4000	89,6600	
02.06.2015	88,0400	88,4200	
03.06.2015	89,5000	88,7700	
04.06.2015	86,4300	88,3000	
05.06.2015	87,8200	86,3400	
08.06.2015	85,9900	87,5400	
09.06.2015	87,0300	85,8300	
10.06.2015	90,7700	88,3700	
11.06.2015	92,6700	91,8200	
12.06.2015	91,5500	91,5400	
15.06.2015	87,5200	89,2500	
16.06.2015	89,1100	86,8000	
17.06.2015	89,3300	89,6200	
18.06.2015	91,9200	90,6900	
19.06.2015	90,8900	91,9400	
22.06.2015	94,8900	93,1900	
23.06.2015	97,4000	95,3900	
24.06.2015	95,4500	96,7700	
25.06.2015	94,6000	96,2000	
26.06.2015	95,1300	95,0700	
29.06.2015	79,4400	89,2300	
30.06.2015	79,0600	83,0000	
01.07.2015	84,7400	83,5200	
02.07.2015	79,4700	84,7700	
06.07.2015	77,4600	75,5800	
07.07.2015	81,5100	77,7000	
08.07.2015	73,3400	78,0100	
09.07.2015	72,6800	77,3000	
10.07.2015	78,0800	76,2400	
13.07.2015	85,6800	82,3000	
14.07.2015	86,3100	85,3900	
15.07.2015	86,4700	86,6500	
16.07.2015	92,4800	89,4300	
17.07.2015	93,1200	92,9000	
20.07.2015	93,4600	93,3300	
21.07.2015	94,1700	93,9300	
22.07.2015	94,5900	91,7000	
23.07.2015	93,5100	95,6100	
24.07.2015	90,2200	93,3700	
27.07.2015	85,5400	86,7000	
28.07.2015	91,8600	88,1000	
29.07.2015	93,2200	92,2700	
30.07.2015	93,9400	92,9800	
31.07.2015	94,0200	94,5900	
03.08.2015	95,5300	94,3200	
04.08.2015	94,9700	94,9200	
05.08.2015	95,8400	95,5000	
06.08.2015	92,3300	95,6800	
07.08.2015	93,2800	92,6400	
10.08.2015	96,7600	95,5800	
11.08.2015	92,3100	93,0500	
12.08.2015	92,4400	87,4200	
13.08.2015	93,4400	93,3700	
14.08.2015	93,6600	93,8200	
17.08.2015	94,7900	92,7500	
18.08.2015	93,6700	94,4300	
19.08.2015	91,8400	92,3500	
20.08.2015	84,1000	88,0200	
21.08.2015	70,4700	79,6100	
24.08.2015	57,1400	48,4200	
25.08.2015	51,1400	60,7400	
26.08.2015	56,0000	55,5200	
27.08.2015	54,8000	58,2400	
28.08.2015	52,1200	53,0400	
31.08.2015	50,0600	51,4800	
01.09.2015	43,1300	45,5000	
02.09.2015	47,8900	45,5600	
03.09.2015	47,9200	49,2700	
04.09.2015	44,4000	45,6800	
08.09.2015	48,2300	47,0000	
09.09.2015	47,0800	50,8700	
10.09.2015	48,2800	45,6900	
11.09.2015	49,3800	48,0000	
14.09.2015	49,2700	49,5400	
15.09.2015	54,2700	50,0600	
16.09.2015	57,5300	56,2300	
17.09.2015	57,5000	57,5300	
18.09.2015	50,6400	52,0000	
21.09.2015	54,2900	52,3700	
22.09.2015	50,6500	51,1500	
23.09.2015	51,6400	50,5300	
24.09.2015	50,3800	49,2400	
25.09.2015	49,0900	52,3000	
28.09.2015	45,5600	47,3300	
29.09.2015	45,4900	46,1500	
30.09.2015	47,6300	47,5000	
01.10.2015	48,2300	47,6400	
02.10.2015	50,7500	46,2800	
05.10.2015	53,6500	51,7200	
06.10.2015	53,0000	53,7400	
07.10.2015	54,2000	53,6500	
08.10.2015	56,8800	54,3800	
09.10.2015	56,8800	57,0800	
12.10.2015	60,4100	57,0200	
13.10.2015	57,0100	58,9200	
14.10.2015	55,6800	56,2800	
15.10.2015	59,7000	56,9100	
16.10.2015	60,1600	60,6000	
19.10.2015	64,5000	60,0100	
20.10.2015	61,9700	63,7000	
21.10.2015	57,7600	62,6000	
22.10.2015	62,5500	59,0000	
23.10.2015	61,7200	64,0000	
26.10.2015	59,7500	60,8700	
27.10.2015	60,9200	58,9600	
28.10.2015	62,7200	61,1400	
29.10.2015	61,8600	61,6900	
30.10.2015	60,8500	61,7400	
02.11.2015	63,9800	60,9600	
03.11.2015	62,7400	63,2700	
04.11.2015	60,6900	63,1400	
05.11.2015	61,9000	60,7800	
06.11.2015	63,1900	61,8700	
09.11.2015	59,7400	62,7500	
10.11.2015	61,4000	59,0000	
11.11.2015	59,9800	61,8200	
12.11.2015	54,7400	58,4000	
13.11.2015	50,9600	54,4600	
16.11.2015	56,1600	51,1800	
17.11.2015	53,0000	56,7700	
18.11.2015	56,7200	54,1400	
19.11.2015	54,8300	56,2600	
20.11.2015	56,6500	56,5600	
23.11.2015	58,1600	56,9600	
24.11.2015	57,8600	56,5800	
25.11.2015	58,6400	57,9600	
27.11.2015	58,0800	58,8200	
30.11.2015	58,4200	58,4200	
01.12.2015	60,9000	59,1400	
02.12.2015	58,5000	60,6600	
03.12.2015	54,2000	59,5500	
04.12.2015	59,4100	55,9600	
07.12.2015	57,7400	59,1700	
08.12.2015	56,0400	55,3900	
09.12.2015	53,6700	55,2800	
10.12.2015	52,9900	53,3700	
11.12.2015	45,1400	50,1700	
14.12.2015	48,0200	45,2200	
15.12.2015	50,0600	49,7200	
16.12.2015	53,3800	49,7500	
17.12.2015	51,2000	53,7900	
18.12.2015	47,1600	49,4200	
21.12.2015	49,2300	48,8500	
22.12.2015	51,6500	50,7600	
23.12.2015	52,8100	52,8400	
24.12.2015	51,8400	52,3900	
28.12.2015	52,4000	50,9800	
29.12.2015	53,4000	53,2700	
30.12.2015	51,7100	52,6800	
31.12.2015	50,4500	51,0200	
04.01.2016	47,2640	46,4800	
05.01.2016	48,8600	48,4200	
06.01.2016	47,3900	45,6200	
07.01.2016	42,3400	44,2100	
08.01.2016	39,8700	43,6000	
11.01.2016	41,0400	40,2200	
12.01.2016	43,0100	42,7700	
13.01.2016	38,6000	43,8200	
14.01.2016	40,0300	39,0000	
15.01.2016	36,0700	35,6200	
19.01.2016	36,0100	37,4900	
20.01.2016	35,1080	34,8300	
21.01.2016	35,2500	35,4500	
22.01.2016	38,1900	36,9000	
25.01.2016	36,2100	37,6800	
26.01.2016	37,9300	36,7500	
27.01.2016	36,3800	37,5100	
28.01.2016	37,6200	37,6000	
29.01.2016	39,1200	37,9000	
01.02.2016	39,5600	38,8800	
02.02.2016	36,8600	38,2700	
03.02.2016	37,3400	37,5000	
04.02.2016	36,9300	36,8800	
05.02.2016	35,4700	37,0300	
08.02.2016	33,7700	34,1500	
09.02.2016	33,5100	32,4000	
10.02.2016	33,2500	34,1200	
11.02.2016	31,2300	30,9900	
12.02.2016	32,5800	32,2000	
16.02.2016	34,0700	33,7000	
17.02.2016	35,4000	34,8600	
18.02.2016	35,4800	35,6100	
19.02.2016	36,4300	34,8800	
22.02.2016	38,4992	37,4500	
23.02.2016	36,5700	38,0200	
24.02.2016	36,7800	35,0500	
25.02.2016	38,0600	37,0800	
26.02.2016	37,5000	38,6700	
29.02.2016	36,8800	37,6200	
01.03.2016	40,0600	37,7600	
02.03.2016	40,7600	39,8900	
03.03.2016	42,0600	40,5200	
04.03.2016	41,5500	42,7300	
07.03.2016	41,4100	40,6900	
08.03.2016	39,7900	40,5300	
09.03.2016	40,3400	40,2100	
10.03.2016	41,0400	40,9400	
11.03.2016	43,1500	42,0600	
14.03.2016	43,8300	42,8300	
15.03.2016	43,2100	42,5000	
16.03.2016	44,7800	42,6300	
17.03.2016	46,0900	44,7800	
18.03.2016	46,4500	46,7100	
21.03.2016	47,7500	46,4400	
22.03.2016	48,3700	47,0800	
23.03.2016	46,0500	47,8800	
24.03.2016	46,2900	44,4800	
28.03.2016	46,9400	46,7400	
29.03.2016	49,6600	46,7800	
30.03.2016	50,8792	50,5600	
31.03.2016	50,5200	50,3800	
01.04.2016	52,0000	48,8800	
04.04.2016	50,5600	52,0700	
05.04.2016	47,6400	48,6400	
06.04.2016	50,8008	47,8900	
07.04.2016	46,0800	49,3600	
08.04.2016	47,3200	47,8000	
11.04.2016	46,6100	48,1000	
12.04.2016	48,1400	46,6200	
13.04.2016	50,5700	49,2900	
14.04.2016	50,7400	50,6700	
15.04.2016	51,4100	50,8900	
18.04.2016	54,6300	50,7700	
19.04.2016	54,1500	54,9000	
20.04.2016	53,8600	54,9200	
21.04.2016	52,8600	53,2700	
22.04.2016	54,1400	52,5300	
25.04.2016	53,4400	53,2900	
26.04.2016	54,6400	54,1600	
27.04.2016	56,2200	53,8500	
28.04.2016	52,8900	55,0900	
29.04.2016	51,1300	52,2600	
02.05.2016	54,3600	52,2100	
03.05.2016	51,8100	52,6800	
04.05.2016	51,1500	50,5000	
05.05.2016	51,2600	52,1400	
06.05.2016	53,5600	51,0400	
09.05.2016	54,7600	54,0400	
10.05.2016	57,4600	56,1700	
11.05.2016	55,3600	57,2200	
12.05.2016	56,0100	55,9500	
13.05.2016	53,9300	56,0000	
16.05.2016	56,4500	54,3800	
17.05.2016	54,0000	56,0300	
18.05.2016	54,2100	53,9600	
19.05.2016	53,9800	53,2800	
20.05.2016	55,8600	55,1200	
23.05.2016	56,2300	56,0000	
24.05.2016	58,4508	56,9600	
25.05.2016	59,5600	59,3600	
26.05.2016	60,1700	59,6200	
27.05.2016	61,8700	60,6200	
31.05.2016	61,9200	62,6900	
01.06.2016	62,3400	60,8200	
02.06.2016	64,0900	61,7200	
03.06.2016	64,3600	62,9300	
06.06.2016	65,1900	64,7100	
07.06.2016	65,1500	65,7700	
08.06.2016	64,7200	65,1900	
09.06.2016	63,4900	63,4500	
10.06.2016	57,7500	60,5800	
13.06.2016	49,0700	55,2400	
14.06.2016	50,1200	48,1300	
15.06.2016	50,6100	50,6100	
16.06.2016	51,9700	48,3600	
17.06.2016	52,0500	52,0000	
20.06.2016	55,5400	55,3100	
21.06.2016	55,1800	56,5700	
22.06.2016	53,3600	55,1800	
23.06.2016	58,5300	56,2100	
24.06.2016	43,0600	45,7100	
27.06.2016	41,8900	41,6900	
28.06.2016	45,4300	43,0800	
29.06.2016	47,6900	46,5700	
30.06.2016	49,0600	48,2400	
01.07.2016	50,6100	49,4200	
05.07.2016	49,6300	49,7000	
06.07.2016	50,9900	48,9000	
07.07.2016	51,8100	51,7800	
08.07.2016	55,2108	53,7000	
11.07.2016	55,2000	56,1600	
12.07.2016	56,4800	56,5800	
13.07.2016	57,4100	57,0900	
14.07.2016	57,4500	58,0300	
15.07.2016	57,6400	57,9100	
18.07.2016	58,7208	57,4900	
19.07.2016	58,7700	58,7000	
20.07.2016	60,4700	59,9200	
21.07.2016	58,7300	60,1900	
22.07.2016	60,0700	59,1300	
25.07.2016	60,4400	60,5200	
26.07.2016	61,0300	60,4800	
27.07.2016	62,3800	61,7800	
28.07.2016	63,5200	62,0400	
29.07.2016	65,7200	63,6200	
01.08.2016	66,9300	66,3000	
02.08.2016	64,2800	66,0600	
03.08.2016	65,9300	64,1500	
04.08.2016	67,7292	66,7400	
05.08.2016	70,0200	69,3700	
08.08.2016	71,4800	71,0000	
09.08.2016	72,7600	72,5800	
10.08.2016	71,0200	73,2000	
11.08.2016	71,4000	71,8800	
12.08.2016	72,1100	71,4000	
15.08.2016	73,2400	73,0200	
16.08.2016	70,7400	71,8200	
17.08.2016	72,5400	70,9700	
18.08.2016	73,8200	72,2400	
19.08.2016	73,4400	73,0200	
22.08.2016	73,2100	72,9900	
23.08.2016	73,4100	73,6800	
24.08.2016	71,7400	73,0000	
25.08.2016	71,6700	70,4900	
26.08.2016	71,4500	72,2500	
29.08.2016	72,9200	71,6600	
30.08.2016	73,4800	73,1300	
31.08.2016	73,0100	73,1800	
01.09.2016	73,4200	73,3400	
02.09.2016	76,0992	74,9700	
06.09.2016	78,0892	76,7200	
07.09.2016	79,0800	78,0000	
08.09.2016	78,8300	79,0600	
09.09.2016	66,1700	75,7400	
12.09.2016	70,6500	65,5300	
13.09.2016	61,6200	67,9600	
14.09.2016	62,0400	62,6900	
15.09.2016	64,2800	62,0400	
16.09.2016	65,0900	62,9700	
19.09.2016	66,7400	67,3300	
20.09.2016	67,2300	68,3700	
21.09.2016	72,2300	68,0600	
22.09.2016	74,7800	74,3400	
23.09.2016	74,1300	74,3800	
26.09.2016	70,1800	71,4600	
27.09.2016	73,9200	70,2700	
28.09.2016	74,7200	74,4800	
29.09.2016	70,0200	74,4200	
30.09.2016	73,2100	72,7300	
03.10.2016	73,5200	72,4100	
04.10.2016	73,7200	74,1600	
05.10.2016	74,3800	74,5400	
06.10.2016	74,9600	74,1100	
07.10.2016	74,8600	75,4200	
10.10.2016	76,4400	75,7400	
11.10.2016	72,1800	75,8300	
12.10.2016	72,1100	72,5000	
13.10.2016	69,9200	69,3600	
14.10.2016	70,7100	72,0000	
17.10.2016	71,0100	71,1000	
18.10.2016	73,9100	72,9300	
19.10.2016	75,6100	75,4500	
20.10.2016	76,5500	75,4400	
21.10.2016	78,1800	76,1100	
24.10.2016	80,9400	79,9800	
25.10.2016	80,0700	80,9300	
26.10.2016	78,1000	78,2600	
27.10.2016	76,7500	79,3500	
28.10.2016	73,4600	76,4600	
31.10.2016	71,8200	73,9000	
01.11.2016	69,8300	71,7700	
02.11.2016	68,1500	69,4600	
03.11.2016	64,4700	68,2400	
04.11.2016	64,3200	65,1600	
07.11.2016	72,4800	69,9000	
08.11.2016	74,3700	71,7100	
09.11.2016	76,1600	70,2300	
10.11.2016	74,0000	78,2200	
11.11.2016	75,7900	72,5300	
14.11.2016	76,0800	75,3400	
15.11.2016	79,3300	76,8200	
16.11.2016	78,8300	77,6400	
17.11.2016	81,1000	79,0000	
18.11.2016	81,4600	81,2400	
21.11.2016	85,1700	82,4200	
22.11.2016	84,7100	85,2000	
23.11.2016	84,5100	83,8600	
25.11.2016	85,0900	84,7800	
28.11.2016	84,3200	84,1200	
29.11.2016	84,9000	84,1400	
30.11.2016	84,6700	86,0500	
01.12.2016	81,5000	84,9000	
02.12.2016	81,5800	81,1100	
05.12.2016	86,8200	84,2800	
06.12.2016	89,6100	88,2300	
07.12.2016	89,3900	90,0000	
08.12.2016	89,1300	89,2300	
09.12.2016	90,1100	88,4100	
12.12.2016	89,4000	90,0000	
13.12.2016	88,6300	89,5600	
14.12.2016	88,7900	88,0500	
15.12.2016	90,0800	90,1700	
16.12.2016	91,1600	91,2000	
19.12.2016	94,4400	92,2400	
20.12.2016	96,2700	95,2200	
21.12.2016	97,8000	96,9200	
22.12.2016	96,0600	97,6900	
23.12.2016	96,5800	95,7500	
27.12.2016	97,8200	96,5700	
28.12.2016	94,4400	98,1400	
29.12.2016	92,9100	94,0700	
30.12.2016	90,9800	93,9600	
03.01.2017	97,4500	94,7100	
04.01.2017	102,5300	98,5500	
05.01.2017	102,8600	101,6100	
06.01.2017	104,2500	103,9200	
09.01.2017	104,4600	103,6900	
10.01.2017	105,1500	105,4700	
11.01.2017	107,4400	104,9800	
12.01.2017	107,4900	106,4900	
13.01.2017	107,2000	107,9200	
17.01.2017	107,5000	105,7300	
18.01.2017	108,0000	108,2400	
19.01.2017	106,7700	108,5000	
20.01.2017	110,9500	107,8600	
23.01.2017	111,8500	110,8700	
24.01.2017	117,0400	113,3000	
25.01.2017	119,9400	118,9700	
26.01.2017	119,3200	119,5600	
27.01.2017	120,7400	119,7900	
30.01.2017	117,3100	118,1900	
31.01.2017	117,8500	116,2900	
01.02.2017	119,9100	120,0900	
02.02.2017	118,9300	118,8500	
03.02.2017	121,3600	121,3000	
06.02.2017	121,4900	120,0300	
07.02.2017	120,5300	121,6200	
08.02.2017	120,8800	120,1000	
09.02.2017	123,4200	121,5500	
10.02.2017	125,4000	124,7000	
13.02.2017	129,3700	127,6200	
14.02.2017	134,9400	129,4500	
15.02.2017	129,9800	134,6400	
16.02.2017	129,3000	130,2600	
17.02.2017	129,0500	126,3400	
21.02.2017	127,4800	130,7900	
22.02.2017	126,9400	126,4500	
23.02.2017	123,6000	126,6600	
24.02.2017	125,2500	119,0400	
27.02.2017	125,5900	125,2000	
28.02.2017	122,5000	125,0800	
01.03.2017	125,3000	127,9200	
02.03.2017	124,9800	125,1900	
03.03.2017	128,7900	126,7700	
06.03.2017	131,1800	129,0300	
07.03.2017	131,0700	131,0000	
08.03.2017	130,1100	132,3400	
09.03.2017	130,7800	130,9400	
10.03.2017	132,5800	131,9700	
13.03.2017	135,3400	133,0200	
14.03.2017	132,7600	134,9100	
15.03.2017	137,5000	134,3000	
16.03.2017	140,4400	138,5400	
17.03.2017	142,1500	141,5000	
20.03.2017	142,0500	142,3800	
21.03.2017	136,6300	144,8700	
22.03.2017	135,9200	135,2700	
23.03.2017	131,3100	134,7400	
24.03.2017	133,8200	133,3000	
27.03.2017	136,5300	128,5000	
28.03.2017	143,9000	137,8600	
29.03.2017	144,4500	144,3900	
30.03.2017	143,7700	144,4000	
31.03.2017	141,1500	143,6500	
03.04.2017	140,4600	141,2700	
04.04.2017	142,3900	138,5500	
05.04.2017	137,6100	143,7100	
06.04.2017	140,0300	138,9000	
07.04.2017	134,9000	138,0000	
10.04.2017	130,1800	134,4800	
11.04.2017	124,0800	126,7800	
12.04.2017	123,6200	124,0800	
13.04.2017	121,3200	123,2100	
17.04.2017	127,2400	123,3200	
18.04.2017	128,2200	125,5100	
19.04.2017	125,1100	130,0900	
20.04.2017	128,3600	126,9900	
21.04.2017	127,8800	127,5600	
24.04.2017	141,6700	138,3400	
25.04.2017	145,1400	143,5200	
26.04.2017	143,5500	144,4400	
27.04.2017	145,1000	145,1200	
28.04.2017	145,0500	144,9800	
01.05.2017	150,7900	146,4300	
02.05.2017	150,1800	150,7900	
03.05.2017	147,1400	148,5600	
04.05.2017	150,9500	149,6200	
05.05.2017	150,0700	151,0400	
08.05.2017	154,0700	152,3200	
09.05.2017	154,3400	156,4100	
10.05.2017	153,7600	153,4600	
11.05.2017	154,1500	152,0400	
12.05.2017	154,4500	153,3400	
15.05.2017	157,5600	155,6000	
16.05.2017	159,1100	159,3800	
17.05.2017	130,0500	149,3900	
18.05.2017	133,5000	131,3700	
19.05.2017	142,4000	137,7700	
22.05.2017	148,5600	146,1500	
23.05.2017	148,6800	149,4900	
24.05.2017	152,7000	149,1000	
25.05.2017	150,8900	152,7300	
26.05.2017	153,4900	150,2600	
30.05.2017	154,6400	151,6100	
31.05.2017	153,3500	155,3400	
01.06.2017	156,9900	155,3200	
02.06.2017	156,6500	156,4800	
05.06.2017	155,8500	155,8100	
06.06.2017	152,4700	154,3700	
07.06.2017	154,0500	154,2200	
08.06.2017	157,7100	154,2500	
09.06.2017	155,3100	159,1000	
12.06.2017	153,6300	153,4300	
13.06.2017	158,9400	156,7900	
14.06.2017	159,4300	159,0400	
15.06.2017	157,6200	153,2800	
16.06.2017	159,3500	158,9100	
19.06.2017	163,9800	161,8700	
20.06.2017	159,7800	162,5000	
21.06.2017	161,1000	162,7000	
22.06.2017	162,8700	161,5100	
23.06.2017	164,4300	162,9000	
26.06.2017	168,0600	166,5600	
27.06.2017	162,1000	167,1700	
28.06.2017	167,1000	165,2100	
29.06.2017	158,3600	166,8600	
30.06.2017	161,2700	162,7600	
03.07.2017	159,1100	163,7000	
05.07.2017	159,0000	159,9600	
06.07.2017	151,0000	155,9100	
07.07.2017	156,3600	153,9700	
10.07.2017	160,1700	156,6100	
11.07.2017	160,8600	159,7000	
12.07.2017	165,2700	163,6400	
13.07.2017	167,0900	165,3200	
14.07.2017	170,0000	167,1400	
17.07.2017	174,4400	173,2200	
18.07.2017	176,8200	172,7200	
19.07.2017	178,7600	178,4400	
20.07.2017	180,4600	180,0800	
21.07.2017	181,9200	179,3400	
24.07.2017	185,0400	182,3400	
25.07.2017	184,1800	185,4800	
26.07.2017	184,0200	185,4000	
27.07.2017	182,3200	185,7400	
28.07.2017	180,4400	178,5600	
31.07.2017	181,9000	183,3000	
01.08.2017	184,0000	184,0600	
02.08.2017	183,4200	185,3600	
03.08.2017	181,0400	183,0200	
04.08.2017	181,5400	182,0200	
07.08.2017	183,9400	182,2000	
08.08.2017	178,7600	183,7800	
09.08.2017	173,8400	173,9000	
10.08.2017	149,8600	169,2400	
11.08.2017	143,3600	146,4000	
14.08.2017	161,6400	154,1000	
15.08.2017	162,4400	165,9000	
16.08.2017	163,6600	162,5400	
17.08.2017	136,4800	159,2600	
18.08.2017	141,3200	141,6800	
21.08.2017	146,9400	142,5000	
22.08.2017	157,7400	151,5600	
23.08.2017	155,8400	150,9400	
24.08.2017	151,3400	156,2800	
25.08.2017	155,9200	154,3200	
28.08.2017	156,9400	157,8000	
29.08.2017	155,2200	145,2400	
30.08.2017	156,0000	155,4800	
31.08.2017	160,4000	157,1000	
01.09.2017	160,6200	161,7800	
05.09.2017	151,4400	154,9600	
06.09.2017	155,5600	155,4000	
07.09.2017	156,3800	155,9800	
08.09.2017	152,6600	154,4000	
11.09.2017	161,3800	158,3200	
12.09.2017	165,4600	163,4800	
13.09.2017	171,2400	165,6000	
14.09.2017	168,9200	169,2000	
15.09.2017	172,0800	169,8600	
18.09.2017	179,5200	174,3600	
19.09.2017	179,4600	179,5800	
20.09.2017	179,2800	178,7800	
21.09.2017	179,4400	180,0000	
22.09.2017	178,2200	176,2000	
25.09.2017	178,1400	177,8400	
26.09.2017	180,0000	179,1200	
27.09.2017	181,5400	181,9800	
28.09.2017	184,1000	180,7400	
29.09.2017	187,5000	184,2800	
02.10.2017	191,0400	188,7000	
03.10.2017	191,8800	193,0000	
04.10.2017	191,7400	191,4400	
05.10.2017	197,7200	192,7000	
06.10.2017	197,6000	197,0000	
09.10.2017	193,8800	198,0200	
10.10.2017	198,0200	197,0400	
11.10.2017	202,1400	198,5200	
12.10.2017	203,6000	201,9400	
13.10.2017	207,3200	205,7400	
16.10.2017	210,8000	209,1200	
17.10.2017	210,4600	210,3000	
18.10.2017	211,3000	211,5200	
19.10.2017	212,7000	204,0800	
20.10.2017	216,3800	216,2800	
23.10.2017	209,7600	217,9200	
24.10.2017	207,3800	213,0000	
25.10.2017	200,4400	204,9600	
26.10.2017	201,3000	203,7000	
27.10.2017	212,6600	206,3200	
30.10.2017	210,9200	209,6200	
31.10.2017	214,7000	212,7400	
01.11.2017	213,4200	216,7800	
02.11.2017	215,7600	213,5200	
03.11.2017	216,2400	216,9000	
06.11.2017	218,0600	216,7200	
07.11.2017	217,0000	218,5800	
08.11.2017	216,7400	215,6000	
09.11.2017	214,0600	208,4400	
10.11.2017	208,7000	211,4200	
13.11.2017	208,1400	205,0200	
14.11.2017	206,3800	204,8600	
15.11.2017	198,4600	200,4600	
16.11.2017	207,1800	205,5000	
17.11.2017	210,0200	207,1800	
20.11.2017	216,9000	213,1800	
21.11.2017	224,9600	221,0800	
22.11.2017	227,0000	226,9000	
24.11.2017	228,0200	228,1000	
27.11.2017	228,3400	227,5600	
28.11.2017	231,4400	230,5400	
29.11.2017	226,4400	230,9400	
30.11.2017	225,6600	230,1600	
01.12.2017	219,5200	223,3600	
04.12.2017	221,3600	229,5000	
05.12.2017	222,2000	223,4000	
06.12.2017	222,4800	219,4800	
07.12.2017	229,7800	222,5200	
08.12.2017	236,8200	233,6000	
11.12.2017	245,1800	237,9600	
12.12.2017	244,5600	246,2800	
13.12.2017	245,3600	246,5600	
14.12.2017	246,6600	246,6600	
15.12.2017	254,7200	248,5800	
18.12.2017	258,4800	258,3600	
19.12.2017	256,9400	258,9200	
20.12.2017	258,0800	261,7600	
21.12.2017	259,8600	259,2200	
22.12.2017	258,3800	260,3000	
26.12.2017	258,1800	256,0200	
27.12.2017	256,7800	259,0000	
28.12.2017	260,9600	258,1000	
29.12.2017	256,4200	262,4000	
02.01.2018	265,1600	258,3800	
03.01.2018	271,0200	268,3800	
04.01.2018	271,7800	273,9200	
05.01.2018	271,8600	272,1000	
08.01.2018	275,1000	272,6000	
09.01.2018	272,1400	276,6600	
10.01.2018	274,8600	269,2200	
11.01.2018	276,4200	277,4600	
12.01.2018	276,3800	277,5800	
16.01.2018	259,4800	274,8000	
17.01.2018	265,6800	262,7200	
18.01.2018	264,6000	261,1200	
19.01.2018	265,5400	265,7600	
22.01.2018	271,8400	263,8200	
23.01.2018	266,9600	268,6200	
24.01.2018	260,0000	265,5400	
25.01.2018	255,6600	261,0800	
26.01.2018	257,7400	258,2400	
29.01.2018	238,7400	251,6200	
30.01.2018	231,2000	230,2200	
31.01.2018	236,2200	235,9000	
01.02.2018	243,3400	234,2600	
02.02.2018	211,2000	236,0000	
05.02.2018	143,6400	200,0000	
06.02.2018	24,4800	23,4000	
07.02.2018	24,6600	24,5600	
08.02.2018	19,1600	24,4800	
09.02.2018	21,7200	21,5200	
12.02.2018	22,6800	22,4800	
13.02.2018	22,5800	22,0000	
14.02.2018	25,3000	22,7000	
15.02.2018	25,8200	26,2000	
16.02.2018	25,3800	25,1800	
20.02.2018	24,2400	24,5600	
21.02.2018	24,1000	24,7200	
22.02.2018	24,4400	24,7600	
23.02.2018	26,3600	25,0000	
26.02.2018	27,3000	27,1200	
27.02.2018	24,7800	26,9400	
28.02.2018	24,4600	25,5000	
01.03.2018	23,7400	24,6000	
02.03.2018	24,2200	23,1600	
05.03.2018	24,8200	24,0200	
06.03.2018	24,7400	24,9000	
07.03.2018	24,8200	24,1800	
08.03.2018	25,2800	24,9600	
09.03.2018	26,4600	25,5200	
12.03.2018	25,7000	26,1400	
13.03.2018	25,4800	26,0600	
14.03.2018	25,2400	25,7400	
15.03.2018	25,5600	25,3600	
16.03.2018	25,8200	25,4000	
19.03.2018	24,6000	25,5600	
20.03.2018	24,9400	24,7400	
21.03.2018	25,0600	25,0600	
22.03.2018	23,3800	24,3000	
23.03.2018	22,8200	23,6400	
26.03.2018	23,6600	23,6200	
27.03.2018	22,8200	23,7200	
28.03.2018	22,5800	22,9400	
29.03.2018	23,4800	22,8600	
02.04.2018	22,3000	23,0200	
03.04.2018	22,7800	22,5800	
04.04.2018	22,9800	21,9000	
05.04.2018	23,3800	23,1800	
06.04.2018	22,7600	23,0200	
09.04.2018	22,6200	22,8400	
10.04.2018	22,9600	23,0200	
11.04.2018	22,8200	22,7000	
12.04.2018	23,3200	23,0200	
13.04.2018	23,7800	23,6400	
16.04.2018	24,3200	24,0200	
17.04.2018	25,1000	24,5800	
18.04.2018	25,0600	24,8600	
19.04.2018	24,8400	24,7000	
20.04.2018	24,4800	24,8200	
23.04.2018	24,6000	24,5800	
24.04.2018	23,9800	24,8800	
25.04.2018	23,8600	23,9200	
26.04.2018	24,5000	24,1600	
27.04.2018	24,7000	24,6600	
30.04.2018	24,6600	24,8200	
01.05.2018	24,8800	24,5800	
02.05.2018	24,9400	24,9000	
03.05.2018	24,6600	24,7200	
04.05.2018	25,0600	24,4800	
07.05.2018	25,1400	25,1800	
08.05.2018	25,1600	25,0600	
09.05.2018	25,7400	25,3200	
10.05.2018	26,3600	25,8000	
11.05.2018	26,5400	26,3000	
14.05.2018	26,9600	26,6600	
15.05.2018	25,9800	26,4600	
16.05.2018	26,4200	26,2000	
17.05.2018	26,8200	26,5000	
18.05.2018	26,6600	26,6600	
21.05.2018	27,0200	27,1000	
22.05.2018	26,9200	27,1200	
23.05.2018	27,1000	26,4800	
24.05.2018	27,1800	27,0600	
25.05.2018	27,0000	27,0000	
29.05.2018	25,4000	26,3600	
30.05.2018	25,9800	25,7200	
31.05.2018	25,8600	25,9200	
01.06.2018	26,3600	26,4000	
04.06.2018	26,9800	26,6600	
05.06.2018	27,1000	26,9400	
06.06.2018	27,5400	27,2200	
07.06.2018	27,3600	27,6800	
08.06.2018	27,4400	27,1200	
11.06.2018	27,7200	27,4400	
12.06.2018	27,7200	27,8000	
13.06.2018	27,5400	27,9200	
14.06.2018	28,0200	27,9400	
15.06.2018	27,8400	27,7400	
18.06.2018	28,0800	27,4600	
19.06.2018	27,4000	27,1200	
20.06.2018	27,6600	27,6200	
21.06.2018	26,7800	27,6000	
22.06.2018	27,0600	27,1800	
25.06.2018	25,1600	26,7000	
26.06.2018	25,6600	25,7200	
27.06.2018	25,0000	25,8600	
28.06.2018	25,1800	24,8800	
29.06.2018	25,4400	25,6200	
02.07.2018	25,4400	24,8800	
03.07.2018	25,4000	25,7600	
05.07.2018	25,7600	25,6800	
06.07.2018	26,4800	25,8000	
09.07.2018	27,1400	26,8400	
10.07.2018	27,4200	27,3000	
11.07.2018	26,9400	26,8200	
12.07.2018	27,4200	27,2200	
13.07.2018	27,5400	27,2800	
16.07.2018	27,6200	27,6400	
17.07.2018	27,7600	27,4200	
18.07.2018	27,9400	27,9800	
19.07.2018	27,6200	27,6600	
20.07.2018	27,5800	27,4600	
23.07.2018	27,6200	27,5600	
24.07.2018	27,9200	28,0200	
25.07.2018	27,9400	27,7200	
26.07.2018	27,9400	27,9200	
27.07.2018	27,5000	28,0600	
30.07.2018	27,1000	27,6400	
31.07.2018	27,4800	27,4600	
01.08.2018	27,6400	27,7400	
02.08.2018	27,8000	27,1000	
03.08.2018	27,9600	27,8200	
06.08.2018	28,4800	28,0800	
07.08.2018	28,8200	28,7000	
08.08.2018	29,0200	28,8200	
09.08.2018	28,8200	29,0600	
10.08.2018	28,1000	28,1800	
13.08.2018	27,2600	27,9400	
14.08.2018	27,9600	27,5200	
15.08.2018	27,0600	27,2400	
16.08.2018	27,8200	27,6000	
17.08.2018	28,2200	27,7000	
20.08.2018	28,4800	28,5200	
21.08.2018	28,1800	28,5800	
22.08.2018	28,3600	28,2000	
23.08.2018	28,4200	28,5200	
24.08.2018	28,5000	28,6000	
27.08.2018	28,4800	28,7400	
28.08.2018	28,4400	28,6200	
29.08.2018	28,4600	28,4600	
30.08.2018	28,1600	28,4600	
31.08.2018	28,3400	28,0200	
04.09.2018	28,3200	28,2600	
05.09.2018	28,1200	28,1200	
06.09.2018	27,7400	28,1400	
07.09.2018	27,4600	27,4200	
10.09.2018	27,8600	27,7800	
11.09.2018	28,3200	27,7200	
12.09.2018	28,4600	28,3400	
13.09.2018	28,9000	28,7800	
14.09.2018	29,1800	28,9400	
17.09.2018	28,7400	29,2000	
18.09.2018	28,6750	28,8300	
19.09.2018	29,2900	29,1900	
20.09.2018	29,6250	29,4950	
21.09.2018	29,4750	29,5400	
24.09.2018	29,5100	29,4200	
25.09.2018	29,3450	29,6750	
26.09.2018	29,1950	29,5250	
27.09.2018	29,4050	29,3800	
28.09.2018	29,5450	29,3000	
01.10.2018	29,6500	29,9000	
02.10.2018	29,6200	29,6250	
03.10.2018	29,7500	29,8450	
04.10.2018	28,8500	29,4850	
05.10.2018	28,5100	28,9900	
08.10.2018	28,3800	28,1750	
09.10.2018	28,1600	28,0450	
10.10.2018	25,8200	27,9300	
11.10.2018	24,6300	25,9050	
12.10.2018	25,7500	25,9600	
15.10.2018	25,5450	25,4600	
16.10.2018	26,4650	25,9750	
17.10.2018	26,3200	26,5100	
18.10.2018	25,3900	26,1450	
19.10.2018	25,5200	25,5000	
22.10.2018	25,4200	25,6050	
23.10.2018	24,9450	24,3150	
24.10.2018	23,7750	25,0650	
25.10.2018	24,2350	24,0850	
26.10.2018	23,5350	23,4489	
29.10.2018	23,4950	24,0000	
30.10.2018	23,9100	23,3700	
31.10.2018	24,2950	24,1651	
01.11.2018	24,6900	24,2700	
02.11.2018	24,5900	24,9000	
05.11.2018	24,7000	24,5600	
06.11.2018	25,1200	24,7200	
07.11.2018	26,0500	25,6000	
08.11.2018	26,2150	26,0300	
09.11.2018	25,7150	25,9050	
12.11.2018	24,6950	25,7000	
13.11.2018	24,5650	24,6600	
14.11.2018	24,2650	24,8200	
15.11.2018	24,4000	24,0450	
16.11.2018	24,9650	24,1650	
19.11.2018	24,3500	24,9750	
20.11.2018	23,5250	23,4550	
21.11.2018	23,8050	23,8000	
23.11.2018	23,7200	23,6000	
26.11.2018	24,3750	23,9800	
27.11.2018	24,6200	24,2650	
28.11.2018	24,9650	24,7850	
29.11.2018	24,7300	24,7550	
30.11.2018	25,0550	24,6450	
03.12.2018	25,7800	26,0000	
04.12.2018	24,1550	25,6500	
06.12.2018	23,8100	23,0700	
07.12.2018	22,9550	23,7950	
10.12.2018	23,0300	22,9500	
11.12.2018	23,0650	23,4500	
12.12.2018	23,1650	23,4150	
13.12.2018	23,3400	23,3550	
14.12.2018	22,9750	23,0850	
17.12.2018	22,3000	22,7750	
18.12.2018	22,2500	22,5250	
19.12.2018	22,3150	22,2850	
20.12.2018	21,7700	22,0200	
21.12.2018	21,2100	21,7450	
24.12.2018	20,6500	21,0750	
26.12.2018	21,1750	20,7300	
27.12.2018	20,7750	20,5750	
28.12.2018	20,7700	20,7650	
31.12.2018	21,1500	21,0550	
02.01.2019	21,4950	20,8250	
03.01.2019	20,9600	21,2600	
04.01.2019	21,8300	21,4100	
07.01.2019	22,0550	21,9150	
08.01.2019	22,2900	22,2625	
09.01.2019	22,5350	22,3900	
10.01.2019	22,6600	22,3650	
11.01.2019	23,0350	22,5150	
14.01.2019	22,9950	22,7450	
15.01.2019	23,5150	23,0500	
16.01.2019	23,2950	23,6350	
17.01.2019	23,4050	23,2200	
18.01.2019	23,7850	23,7600	
22.01.2019	22,7650	23,5800	
23.01.2019	22,7250	22,8100	
24.01.2019	23,1000	22,7000	
25.01.2019	23,5350	23,3750	
28.01.2019	23,0450	23,1050	
29.01.2019	23,0750	23,2050	
30.01.2019	23,6050	23,2650	
31.01.2019	24,0950	23,6200	
01.02.2019	24,2150	24,1350	
04.02.2019	24,6150	24,2750	
05.02.2019	24,6900	24,7100	
06.02.2019	24,7750	24,8150	
07.02.2019	24,3750	24,4200	
08.02.2019	24,5050	24,0800	
11.02.2019	24,6450	24,6800	
12.02.2019	24,8500	24,9250	
13.02.2019	24,8950	24,9600	
14.02.2019	24,6650	24,6050	
15.02.2019	25,0850	24,9050	
19.02.2019	25,0550	24,8600	
20.02.2019	25,5500	25,1500	
21.02.2019	25,3950	25,5150	
22.02.2019	25,8650	25,6050	
25.02.2019	25,6300	26,2000	
26.02.2019	25,5150	25,4461	
27.02.2019	25,4950	25,3900	
28.02.2019	25,5200	25,4900	
01.03.2019	26,0900	25,8500	
04.03.2019	25,7700	26,2600	
05.03.2019	25,7000	25,8250	
06.03.2019	25,3200	25,7000	
07.03.2019	24,8600	25,1800	
08.03.2019	24,7850	24,4600	
11.03.2019	25,7000	25,0200	
12.03.2019	26,0650	25,8250	
13.03.2019	26,1900	26,1450	
14.03.2019	26,4050	26,1950	
15.03.2019	26,6600	26,4800	
18.03.2019	26,6200	26,5600	
19.03.2019	26,5000	26,8300	
20.03.2019	26,3850	26,5150	
21.03.2019	26,5550	26,1900	
22.03.2019	25,0150	26,2600	
25.03.2019	25,0100	25,0450	
26.03.2019	25,6950	25,5000	
27.03.2019	25,5100	25,7450	
28.03.2019	25,7700	25,5900	
29.03.2019	26,1800	26,0100	
01.04.2019	26,4050	26,3200	
02.04.2019	26,4450	26,3650	
03.04.2019	26,3500	26,6700	
04.04.2019	26,4650	26,4300	
05.04.2019	26,7500	26,6550	
08.04.2019	26,8200	26,7200	
09.04.2019	26,3400	26,6250	
10.04.2019	26,6950	26,4500	
11.04.2019	26,9700	26,8850	
12.04.2019	27,5750	27,2550	
15.04.2019	27,7500	27,7900	
16.04.2019	27,8250	27,8350	
17.04.2019	27,7600	28,0750	
18.04.2019	27,9800	27,7950	
22.04.2019	28,1000	27,8200	
23.04.2019	28,2000	28,1850	
24.04.2019	27,8700	28,2000	
25.04.2019	27,5850	27,7000	
26.04.2019	28,0600	27,7250	
29.04.2019	27,8400	27,9650	
30.04.2019	27,8300	27,8850	
01.05.2019	27,2950	27,9850	
02.05.2019	27,2600	27,4350	
03.05.2019	27,9300	27,6500	
06.05.2019	27,1350	26,5300	
07.05.2019	24,9050	26,3550	
08.05.2019	25,2600	25,1600	
09.05.2019	25,3150	24,5700	
10.05.2019	26,3100	25,1950	
13.05.2019	24,3600	24,6500	
14.05.2019	24,9800	24,7950	
15.05.2019	25,5100	24,6500	
16.05.2019	26,0700	25,6250	
17.05.2019	25,8800	25,5600	
20.05.2019	25,7100	25,5600	
21.05.2019	26,3250	26,1350	
22.05.2019	26,4900	26,2800	
23.05.2019	25,5700	25,9700	
24.05.2019	25,8600	25,9700	
28.05.2019	25,4600	25,9650	
29.05.2019	25,2000	25,1750	
30.05.2019	25,4550	25,4950	
31.05.2019	24,9100	24,8550	
03.06.2019	24,8250	24,9550	
04.06.2019	25,5100	25,2000	
05.06.2019	25,7950	25,6400	
06.06.2019	26,0500	25,8900	
07.06.2019	25,9400	26,0950	
10.06.2019	26,0850	26,1250	
11.06.2019	26,0200	26,3200	
12.06.2019	26,0900	25,9550	
13.06.2019	26,1700	26,2400	
14.06.2019	26,2800	26,0950	
17.06.2019	26,4500	26,3250	
18.06.2019	26,5200	26,6691	
19.06.2019	26,9700	26,6700	
20.06.2019	26,9200	27,2150	
21.06.2019	26,6050	26,8400	
24.06.2019	26,7750	26,7250	
25.06.2019	26,3750	26,7700	
26.06.2019	26,4850	26,6500	
27.06.2019	26,7100	26,6000	
28.06.2019	26,9350	26,8550	
01.07.2019	27,6800	27,7300	
02.07.2019	28,1650	27,6750	
03.07.2019	28,2850	28,1750	
05.07.2019	28,2000	27,9950	
08.07.2019	27,8100	27,8900	
09.07.2019	27,7850	27,4700	
10.07.2019	28,1750	28,0100	
11.07.2019	28,4400	28,4200	
12.07.2019	28,6900	28,5650	
15.07.2019	28,7100	28,7150	
16.07.2019	28,6550	28,8150	
17.07.2019	28,3350	28,8550	
18.07.2019	28,4450	28,3500	
19.07.2019	28,2900	28,7450	
22.07.2019	28,5350	28,3150	
23.07.2019	29,0850	28,8175	
24.07.2019	29,4550	28,9450	
25.07.2019	28,9850	29,3500	
26.07.2019	29,3800	29,2850	
29.07.2019	29,2450	29,3950	
30.07.2019	28,8800	28,9550	
31.07.2019	28,0950	28,9100	
01.08.2019	26,9800	28,0700	
02.08.2019	26,8800	26,9800	
05.08.2019	24,9750	25,8650	
06.08.2019	25,5800	25,3050	
07.08.2019	25,5750	24,7500	
08.08.2019	26,3050	25,8350	
09.08.2019	25,8450	26,0950	
12.08.2019	24,9100	25,6600	
13.08.2019	25,7800	24,6800	
14.08.2019	23,9450	24,8950	
15.08.2019	24,3400	24,3700	
16.08.2019	24,9800	24,5800	
19.08.2019	25,9500	25,5650	
20.08.2019	25,5900	25,8600	
21.08.2019	26,2800	26,1400	
22.08.2019	26,0000	26,3500	
23.08.2019	24,4200	25,6050	
26.08.2019	24,7750	25,0750	
27.08.2019	24,5600	25,0400	
28.08.2019	24,8200	24,2850	
29.08.2019	25,3450	25,2050	
30.08.2019	25,3050	25,5950	
03.09.2019	24,7200	24,8200	
04.09.2019	25,4700	25,2150	
05.09.2019	26,0100	25,8250	
06.09.2019	26,3800	26,1750	
09.09.2019	26,4550	26,6100	
10.09.2019	26,5050	26,3000	
11.09.2019	26,7050	26,5300	
12.09.2019	27,0400	27,0000	
13.09.2019	27,2250	27,2450	
16.09.2019	27,0450	27,0100	
17.09.2019	27,1350	27,0050	
18.09.2019	27,5700	27,2600	
19.09.2019	27,7850	27,7750	
20.09.2019	27,0650	27,9400	
23.09.2019	27,1550	27,0500	
24.09.2019	26,5300	27,5650	
25.09.2019	26,8050	26,5000	
26.09.2019	26,7150	26,8400	
27.09.2019	26,3600	26,8950	
30.09.2019	26,7050	26,4900	
01.10.2019	26,1300	27,0750	
02.10.2019	25,2000	25,7700	
03.10.2019	25,6850	25,2650	
04.10.2019	26,4100	25,8050	
07.10.2019	26,2550	26,1800	
08.10.2019	25,2250	25,7800	
09.10.2019	25,4950	25,5900	
10.10.2019	26,0950	25,6650	
11.10.2019	26,9100	26,5450	
14.10.2019	27,3400	26,9100	
15.10.2019	27,6250	27,5750	
16.10.2019	27,8650	27,7150	
17.10.2019	27,9250	28,0000	
18.10.2019	27,9450	27,8850	
21.10.2019	28,3300	28,1000	
22.10.2019	28,0950	28,4100	
23.10.2019	28,2750	28,0000	
24.10.2019	28,4600	28,4000	
25.10.2019	28,9150	28,3750	
28.10.2019	28,7850	28,9900	
29.10.2019	28,7900	28,6310	
30.10.2019	29,1500	28,8000	
31.10.2019	28,8800	28,9900	
01.11.2019	29,5900	29,3800	
04.11.2019	29,5450	29,8150	
05.11.2019	29,2350	29,4600	
06.11.2019	29,3050	29,2900	
07.11.2019	29,4550	29,5950	
08.11.2019	29,7200	29,3750	
11.11.2019	29,7800	29,4400	
12.11.2019	29,9600	29,9250	
13.11.2019	29,8900	29,8250	
14.11.2019	30,0900	29,8700	
15.11.2019	30,7800	30,3750	
18.11.2019	30,7800	30,7800	
19.11.2019	30,6200	30,9050	
20.11.2019	30,4850	30,5750	
21.11.2019	30,4400	30,5800	
22.11.2019	30,9000	30,6750	
25.11.2019	31,5500	31,3650	
26.11.2019	31,8050	31,6650	
27.11.2019	31,8500	31,9050	
29.11.2019	31,5250	31,7150	
02.12.2019	30,7750	31,5750	
03.12.2019	29,5750	29,5300	
04.12.2019	30,4900	30,2650	
05.12.2019	30,6900	30,7250	
06.12.2019	31,2600	31,2850	
09.12.2019	30,4250	31,1650	
10.12.2019	30,3800	30,4300	
11.12.2019	30,7000	30,5400	
12.12.2019	31,5950	30,7800	
13.12.2019	32,3000	31,5050	
16.12.2019	32,6650	32,8083	
17.12.2019	32,7600	32,8150	
18.12.2019	32,5800	32,9600	
19.12.2019	33,0100	32,6550	
20.12.2019	32,7450	33,0550	
23.12.2019	32,7150	32,8100	
24.12.2019	32,9150	32,8100	
26.12.2019	32,9150	33,0650	
27.12.2019	32,5400	33,0000	
30.12.2019	31,9650	32,4350	
31.12.2019	32,6150	31,7850	
02.01.2020	33,3250	33,0850	
03.01.2020	32,4700	31,9550	
06.01.2020	32,6250	31,9300	
07.01.2020	32,7200	32,5350	
08.01.2020	33,0400	32,8700	
09.01.2020	33,6400	33,4100	
10.01.2020	33,7150	33,6750	
13.01.2020	34,0850	33,8850	
14.01.2020	34,2350	34,1150	
15.01.2020	34,3100	34,2800	
16.01.2020	34,7350	34,5450	
17.01.2020	34,6450	34,7250	
21.01.2020	34,5350	34,4400	
22.01.2020	34,1900	34,8250	
23.01.2020	34,4550	34,1500	
24.01.2020	33,4850	34,7300	
27.01.2020	31,7050	32,0400	
28.01.2020	32,6400	32,0968	
29.01.2020	32,5950	32,9400	
30.01.2020	32,8800	31,9800	
31.01.2020	30,9700	32,4450	
03.02.2020	31,6150	31,4600	
04.02.2020	32,4400	32,3450	
05.02.2020	33,1150	33,0150	
06.02.2020	33,2650	33,2550	
07.02.2020	32,9900	32,7850	
10.02.2020	33,1900	32,7750	
11.02.2020	33,2050	33,5050	
12.02.2020	34,0350	33,5350	
13.02.2020	33,6900	33,4650	
14.02.2020	33,9200	33,8600	
18.02.2020	33,5500	33,6450	
19.02.2020	33,8300	33,8950	
20.02.2020	33,2250	33,7600	
21.02.2020	32,1900	32,7150	
24.02.2020	29,1350	29,7300	
25.02.2020	27,8150	29,7900	
26.02.2020	28,1950	28,3200	
27.02.2020	25,9700	26,9500	
28.02.2020	25,3700	24,4550	
02.03.2020	25,8850	25,7500	
03.03.2020	24,4300	25,8900	
04.03.2020	25,1050	24,9750	
05.03.2020	23,1550	24,0400	
06.03.2020	21,9350	21,0600	
09.03.2020	19,2100	17,9100	
10.03.2020	20,1550	20,4350	
11.03.2020	18,8900	19,3450	
12.03.2020	16,6500	17,1850	
13.03.2020	17,5400	17,7500	
16.03.2020	14,1150	15,2250	
17.03.2020	14,4450	14,6000	
18.03.2020	13,1350	13,5500	
19.03.2020	13,8450	12,8050	
20.03.2020	14,0550	14,1450	
23.03.2020	15,1250	14,4500	
24.03.2020	15,6600	16,4500	
25.03.2020	15,0650	15,4800	
26.03.2020	15,6750	15,2250	
27.03.2020	14,9250	14,8600	
30.03.2020	15,1250	14,9000	
31.03.2020	15,5050	15,0850	
01.04.2020	14,8500	14,9700	
02.04.2020	15,2300	14,9400	
03.04.2020	15,5550	15,3050	
06.04.2020	16,1150	16,1050	
07.04.2020	15,8650	16,1150	
08.04.2020	16,0300	15,9150	
09.04.2020	16,1750	16,0500	
13.04.2020	16,3500	16,2100	
14.04.2020	17,0350	16,8400	
15.04.2020	16,2750	16,4150	
16.04.2020	16,2350	16,2150	
17.04.2020	16,5800	16,5450	
20.04.2020	15,7050	16,0900	
21.04.2020	15,0700	15,1300	
22.04.2020	15,4300	15,3050	
23.04.2020	15,4450	15,5250	
24.04.2020	15,8650	15,5950	
27.04.2020	16,4850	16,1150	
28.04.2020	16,3200	16,7300	
29.04.2020	16,8450	16,7950	
30.04.2020	16,5600	16,6450	
01.05.2020	15,8050	15,8600	
04.05.2020	15,9650	15,5500	
05.05.2020	16,3000	16,2650	
06.05.2020	16,1600	16,4300	
07.05.2020	16,5250	16,4550	
08.05.2020	17,1050	16,7600	
11.05.2020	17,6750	16,8500	
12.05.2020	16,7500	17,9350	
13.05.2020	15,8550	16,5850	
14.05.2020	16,2700	15,4850	
15.05.2020	16,4800	15,8750	
18.05.2020	16,9950	17,0150	
19.05.2020	16,5300	16,9300	
20.05.2020	17,0350	16,9300	
21.05.2020	16,8500	17,0750	
22.05.2020	16,9000	16,7600	
26.05.2020	16,9900	17,2950	
27.05.2020	17,1900	17,2250	
28.05.2020	16,8350	17,1100	
29.05.2020	17,1600	16,7850	
01.06.2020	17,0750	16,9300	
02.06.2020	17,3100	17,1450	
03.06.2020	17,7050	17,5000	
04.06.2020	17,7700	17,6500	
05.06.2020	18,2400	18,3200	
08.06.2020	18,0350	18,2600	
09.06.2020	17,5850	17,7750	
10.06.2020	17,6300	17,5100	
11.06.2020	14,6450	16,6450	
12.06.2020	14,9000	14,9700	
15.06.2020	15,1000	14,2000	
16.06.2020	15,2700	15,6000	
17.06.2020	15,2550	15,3300	
18.06.2020	15,3800	15,1175	
19.06.2020	15,2550	15,5650	
22.06.2020	15,5950	15,1850	
23.06.2020	15,7000	15,9300	
24.06.2020	15,1650	15,4200	
25.06.2020	15,4800	15,0500	
26.06.2020	15,0150	15,4600	
29.06.2020	15,3550	15,1050	
30.06.2020	15,7500	15,2800	
01.07.2020	15,9800	15,8700	
02.07.2020	16,1200	16,3050	
06.07.2020	16,1000	16,3750	
07.07.2020	15,8250	16,0400	
08.07.2020	16,0300	15,9550	
09.07.2020	15,8950	16,0250	
10.07.2020	16,1050	15,8600	
13.07.2020	15,3400	16,2050	
14.07.2020	15,7900	15,3250	
15.07.2020	16,0100	16,0300	
16.07.2020	16,1450	15,8250	
17.07.2020	16,4250	16,2150	
20.07.2020	16,8150	16,5250	
21.07.2020	16,7100	17,0000	
22.07.2020	16,8200	16,6750	
23.07.2020	16,5300	16,8900	
24.07.2020	16,4950	16,2650	
27.07.2020	16,7400	16,6000	
28.07.2020	16,7750	16,7200	
29.07.2020	16,9300	16,8950	
30.07.2020	16,7400	16,5550	
31.07.2020	16,9700	16,9700	
03.08.2020	16,9550	17,0200	
04.08.2020	17,2150	17,0150	
05.08.2020	17,4000	17,3520	
06.08.2020	17,4950	17,3650	
07.08.2020	17,5450	17,3750	
10.08.2020	17,7850	17,6750	
11.08.2020	17,3900	18,0150	
12.08.2020	17,8700	17,7450	
13.08.2020	17,8750	17,8050	
14.08.2020	17,8800	17,7950	
17.08.2020	18,1750	18,0700	
18.08.2020	18,2700	18,2550	
19.08.2020	18,0850	18,3400	
20.08.2020	18,1950	17,7500	
21.08.2020	18,1500	18,0400	
24.08.2020	18,1800	18,4050	
25.08.2020	18,2400	18,1389	
26.08.2020	18,0250	18,3050	
27.08.2020	17,7300	18,1250	
28.08.2020	17,7800	17,6450	
31.08.2020	17,3450	17,5600	
01.09.2020	17,2100	17,3500	
02.09.2020	16,9950	17,2300	
03.09.2020	15,8450	16,8800	
04.09.2020	16,5150	16,0350	
08.09.2020	16,7250	15,8500	
09.09.2020	17,1500	16,9450	
10.09.2020	17,0400	17,2350	
11.09.2020	17,5750	17,2900	
14.09.2020	17,7400	17,6950	
15.09.2020	17,7400	17,8050	
16.09.2020	17,7750	17,8050	
17.09.2020	17,9700	17,4750	
18.09.2020	17,9800	18,0400	
21.09.2020	17,6650	17,6000	
22.09.2020	17,6000	17,6850	
23.09.2020	17,1450	17,6550	
24.09.2020	17,3100	17,1464	
25.09.2020	17,5300	17,3150	
28.09.2020	17,5600	17,6038	
29.09.2020	17,7500	17,5450	
30.09.2020	17,7500	17,8550	
01.10.2020	17,6800	17,8200	
02.10.2020	17,4350	17,2400	
05.10.2020	17,6900	17,4900	
06.10.2020	17,5750	17,7700	
07.10.2020	17,8600	17,7450	
08.10.2020	18,2150	17,9550	
09.10.2020	18,6900	18,4950	
12.10.2020	18,8550	18,8600	
13.10.2020	18,7600	18,7400	
14.10.2020	18,8200	18,8200	
15.10.2020	18,7400	18,4050	
16.10.2020	18,6900	18,7700	
19.10.2020	18,2750	18,7100	
20.10.2020	18,2700	18,3350	
21.10.2020	18,5000	18,3200	
22.10.2020	18,7100	18,4950	
23.10.2020	18,7000	18,7250	
26.10.2020	17,7400	18,4550	
27.10.2020	17,8150	17,8533	
28.10.2020	16,5350	17,1250	
29.10.2020	17,1650	16,7050	
30.10.2020	16,8650	16,9950	
02.11.2020	17,0650	17,2600	
03.11.2020	17,5200	17,3150	
04.11.2020	18,2700	17,8950	
05.11.2020	18,4300	18,5750	
06.11.2020	19,0650	18,5450	
09.11.2020	19,2600	19,7050	
10.11.2020	19,5650	19,5150	
11.11.2020	19,7850	19,7150	
12.11.2020	19,0750	19,6350	
13.11.2020	19,6950	19,4200	
16.11.2020	19,9000	19,9250	
17.11.2020	20,0900	19,7200	
18.11.2020	19,7100	20,1800	
19.11.2020	19,8900	19,8050	
20.11.2020	19,9050	19,9000	
23.11.2020	20,0200	20,0250	
24.11.2020	20,2000	20,2300	
25.11.2020	20,5750	20,1850	
27.11.2020	20,4950	20,6600	
30.11.2020	20,6750	20,4350	
01.12.2020	20,5800	20,7700	
02.12.2020	20,6650	20,5650	
03.12.2020	20,5450	20,7450	
04.12.2020	20,7100	20,6600	
07.12.2020	20,6750	20,5900	
08.12.2020	21,0250	20,5650	
09.12.2020	20,6200	21,1500	
10.12.2020	20,5300	20,5450	
11.12.2020	20,1550	20,2850	
14.12.2020	19,9250	20,4800	
15.12.2020	20,3250	20,1350	
16.12.2020	20,7000	20,4100	
17.12.2020	20,8550	20,6800	
18.12.2020	20,6150	20,7750	
21.12.2020	19,7950	19,6100	
22.12.2020	20,0000	19,9300	
23.12.2020	20,4300	20,2000	
24.12.2020	20,7500	20,5500	
28.12.2020	20,8250	20,8500	
29.12.2020	20,3400	20,8750	
30.12.2020	20,7150	20,4050	
31.12.2020	20,7200	20,7250	
04.01.2021	19,8250	20,7250	
05.01.2021	20,1400	19,5750	
06.01.2021	20,1950	20,2250	
07.01.2021	20,7850	20,6300	
08.01.2021	20,9100	20,8600	
11.01.2021	20,4250	20,5200	
12.01.2021	20,6150	20,4900	
13.01.2021	20,7900	20,6100	
14.01.2021	20,6650	20,8500	
15.01.2021	20,3650	20,4850	
19.01.2021	20,6100	20,6150	
20.01.2021	20,8400	20,7950	
21.01.2021	20,9150	20,8500	
22.01.2021	20,7950	20,6650	
25.01.2021	20,3600	20,6750	
26.01.2021	20,4000	20,5300	
27.01.2021	18,2500	19,9850	
28.01.2021	18,4300	18,7850	
29.01.2021	18,0050	18,3550	
01.02.2021	18,5088	18,4200	
02.02.2021	19,2850	18,9500	
03.02.2021	19,7850	19,5050	
04.02.2021	20,2200	20,0050	
05.02.2021	20,2450	20,2550	
08.02.2021	20,3250	20,2900	
09.02.2021	20,2750	20,1750	
10.02.2021	20,0300	20,3300	
11.02.2021	20,3250	20,2300	
12.02.2021	20,6800	20,2800	
16.02.2021	20,5500	20,6150	
17.02.2021	20,7550	20,3900	
18.02.2021	20,7050	20,4550	
19.02.2021	21,2100	20,8000	
22.02.2021	20,6400	20,7300	
23.02.2021	21,0650	20,5700	
24.02.2021	21,4600	20,7750	
25.02.2021	19,7000	21,2400	
26.02.2021	20,1950	20,1550	
01.03.2021	20,9450	20,8150	
02.03.2021	20,8650	20,9200	
03.03.2021	20,3850	20,9300	
04.03.2021	19,9850	20,5150	
05.03.2021	20,6500	20,3500	
08.03.2021	20,6600	20,6650	
09.03.2021	20,9200	20,7800	
10.03.2021	21,0400	21,1850	
11.03.2021	21,3050	21,2000	
12.03.2021	21,3200	21,0950	
15.03.2021	22,1200	21,5200	
16.03.2021	22,2500	22,1150	
17.03.2021	22,5600	21,9750	
18.03.2021	21,8300	22,3350	
19.03.2021	22,1950	22,0150	
22.03.2021	23,1050	22,5150	
23.03.2021	22,5500	23,0050	
24.03.2021	22,4350	22,7900	
25.03.2021	22,7800	22,3800	
26.03.2021	23,4000	23,0000	
29.03.2021	22,9550	22,9650	
30.03.2021	23,4400	22,9650	
31.03.2021	23,5500	23,5850	
01.04.2021	24,0600	23,6950	
05.04.2021	24,2150	24,2800	
06.04.2021	24,1800	24,2250	
07.04.2021	24,5300	24,2150	
08.04.2021	24,7150	24,7200	
09.04.2021	24,7450	24,6000	
12.04.2021	24,9900	24,6150	
13.04.2021	24,9550	24,9100	
14.04.2021	24,8250	24,9500	
15.04.2021	25,1400	25,0250	
16.04.2021	25,3350	25,1400	
19.04.2021	24,8850	25,2150	
20.04.2021	24,5750	24,6950	
21.04.2021	25,2600	24,5250	
22.04.2021	24,4850	25,2550	
23.04.2021	24,9600	24,6050	
26.04.2021	25,0450	25,0700	
27.04.2021	25,3000	25,0950	
28.04.2021	25,2250	25,3500	
29.04.2021	25,4350	25,5650	
30.04.2021	24,9050	25,1600	
03.05.2021	25,3900	25,2250	
04.05.2021	24,8450	25,0150	
05.05.2021	25,1800	25,0900	
06.05.2021	25,2600	25,1250	
07.05.2021	25,9850	25,2500	
10.05.2021	25,4200	26,0000	
11.05.2021	24,4250	24,6600	
12.05.2021	22,3100	23,9600	
13.05.2021	23,3250	22,9350	
14.05.2021	24,7450	23,9750	
17.05.2021	24,3700	24,5000	
18.05.2021	24,2200	24,4800	
19.05.2021	23,5800	23,3700	
20.05.2021	24,2500	23,9050	
21.05.2021	24,5000	24,4450	
24.05.2021	24,9800	24,6300	
25.05.2021	24,9400	25,0200	
26.05.2021	25,5600	25,1250	
27.05.2021	26,1850	25,6900	
28.05.2021	25,9250	26,2800	
01.06.2021	25,6050	26,2550	
02.06.2021	25,9500	25,7850	
03.06.2021	25,6850	25,5550	
04.06.2021	26,3950	26,1000	
07.06.2021	26,6250	26,3850	
08.06.2021	26,4400	26,7050	
09.06.2021	26,2900	26,6150	
10.06.2021	27,0450	26,6150	
11.06.2021	27,4150	27,2800	
14.06.2021	27,2850	27,4150	
15.06.2021	26,8100	27,2150	
16.06.2021	26,7750	27,1300	
17.06.2021	26,9350	26,8100	
18.06.2021	25,7100	26,2950	
21.06.2021	26,6500	26,1750	
22.06.2021	27,2100	26,4550	
23.06.2021	27,4700	27,3800	
24.06.2021	27,7900	27,8051	
25.06.2021	27,9800	27,8000	
28.06.2021	27,8950	28,0500	
29.06.2021	27,6700	28,0550	
30.06.2021	27,7750	27,5600	
01.07.2021	28,0250	27,9400	
02.07.2021	28,0450	28,3650	
06.07.2021	27,7200	28,1950	
07.07.2021	27,7000	27,8800	
08.07.2021	26,6450	26,5100	
09.07.2021	27,7100	27,1950	
12.07.2021	27,8750	27,6800	
13.07.2021	27,6300	27,7900	
14.07.2021	27,9100	27,9500	
15.07.2021	27,7350	27,5800	
16.07.2021	27,1300	28,0250	
19.07.2021	25,2000	26,3600	
20.07.2021	26,2250	25,2900	
21.07.2021	27,0750	26,5175	
22.07.2021	26,8350	26,9650	
23.07.2021	26,8450	27,1150	
26.07.2021	27,0850	26,7050	
27.07.2021	26,6400	26,8250	
28.07.2021	26,9850	26,8000	
29.07.2021	27,2300	27,1250	
30.07.2021	26,8900	26,7375	
02.08.2021	26,3850	27,0500	
03.08.2021	27,0250	26,5550	
04.08.2021	27,0450	26,7800	
05.08.2021	27,3750	27,1700	
06.08.2021	27,7250	27,5050	
09.08.2021	27,8750	27,7400	
10.08.2021	28,0050	28,0000	
11.08.2021	28,4400	28,1950	
12.08.2021	28,7400	28,3650	
13.08.2021	28,7200	28,9350	
16.08.2021	28,6850	28,3500	
17.08.2021	28,2100	28,2300	
18.08.2021	27,2500	28,0650	
19.08.2021	26,7700	26,6050	
20.08.2021	27,8150	26,9950	
23.08.2021	28,2800	28,1950	
24.08.2021	28,3200	28,3400	
25.08.2021	28,6600	28,3500	
26.08.2021	28,0200	28,3950	
27.08.2021	28,7500	28,2175	
30.08.2021	28,8700	28,8700	
31.08.2021	28,9600	28,7700	
01.09.2021	29,3100	29,0250	
02.09.2021	29,3000	29,3100	
03.09.2021	29,2150	29,1100	
07.09.2021	28,8100	29,1000	
08.09.2021	28,8850	28,6550	
09.09.2021	28,5450	28,7950	
10.09.2021	28,0000	29,0750	
13.09.2021	28,5000	28,6350	
14.09.2021	28,3150	28,7550	
15.09.2021	28,8700	28,5850	
16.09.2021	29,0300	28,7850	
17.09.2021	28,0650	28,9450	
20.09.2021	26,4500	26,9550	
21.09.2021	26,9950	26,8800	
22.09.2021	27,7750	27,3900	
23.09.2021	28,6450	28,2150	
24.09.2021	29,0750	28,2800	
27.09.2021	28,8600	28,9950	
28.09.2021	27,3800	28,2950	
29.09.2021	27,2000	27,4850	
30.09.2021	27,1950	27,5600	
01.10.2021	27,6750	27,4900	
04.10.2021	27,3000	27,6650	
05.10.2021	27,7950	27,4150	
06.10.2021	27,9500	27,4650	
07.10.2021	28,4900	28,2250	
08.10.2021	28,7500	28,6550	
11.10.2021	28,5600	28,6350	
12.10.2021	28,8350	28,7600	
13.10.2021	29,1300	28,9100	
14.10.2021	29,8950	29,5700	
15.10.2021	29,9150	30,0250	
18.10.2021	30,1850	29,6700	
19.10.2021	30,3000	30,2900	
20.10.2021	30,4850	30,3025	
21.10.2021	30,9650	30,3575	
22.10.2021	30,6150	30,9200	
25.10.2021	31,0850	30,7650	
26.10.2021	30,8000	31,2400	
27.10.2021	30,4350	30,8250	
28.10.2021	30,8850	30,6850	
29.10.2021	30,7950	30,4650	
01.11.2021	31,0200	30,9100	
02.11.2021	31,4150	31,0400	
03.11.2021	31,9550	31,3600	
04.11.2021	31,7250	32,1150	
05.11.2021	31,1300	31,9300	
08.11.2021	31,1350	31,3800	
09.11.2021	30,8500	31,0200	
10.11.2021	30,6150	30,5400	
11.11.2021	30,8650	30,9150	
12.11.2021	31,4650	31,1425	
15.11.2021	31,6850	31,6500	
16.11.2021	31,6100	31,5300	
17.11.2021	31,3150	31,6200	
18.11.2021	31,1800	31,4950	
19.11.2021	31,0100	31,1150	
22.11.2021	30,6650	31,3050	
23.11.2021	31,0600	30,7150	
24.11.2021	31,2800	30,6600	
26.11.2021	27,2775	29,4250	
29.11.2021	29,2250	28,6000	
30.11.2021	26,8800	28,2100	
01.12.2021	25,9000	27,9200	
02.12.2021	26,6800	26,3625	
03.12.2021	25,5350	26,8300	
06.12.2021	26,5550	25,9850	
07.12.2021	27,9900	27,3300	
08.12.2021	28,8150	28,1100	
09.12.2021	28,4150	28,8000	
10.12.2021	29,2650	29,0750	
13.12.2021	28,7200	29,1750	
14.12.2021	28,4900	28,2250	
15.12.2021	29,4850	28,4100	
16.12.2021	28,8300	29,7350	
17.12.2021	28,3400	28,2850	
20.12.2021	27,8700	27,0650	
21.12.2021	28,4750	28,3150	
22.12.2021	29,3600	28,5600	
23.12.2021	29,5100	29,5100	
27.12.2021	29,8600	29,6325	
28.12.2021	30,2600	29,9400	
29.12.2021	30,6050	30,2700	
30.12.2021	30,6450	30,6950	
31.12.2021	30,7750	30,6550	
03.01.2022	31,2850	30,9800	
04.01.2022	31,2950	31,4000	
05.01.2022	30,0900	31,1850	
06.01.2022	30,0050	30,0050	
07.01.2022	30,4275	30,0000	
10.01.2022	30,6600	29,8400	
11.01.2022	31,2300	30,5000	
12.01.2022	31,3900	31,4550	
13.01.2022	30,4550	31,4500	
14.01.2022	30,6250	29,8950	
18.01.2022	29,5050	29,9750	
19.01.2022	29,0900	29,7475	
20.01.2022	28,4850	29,4450	
21.01.2022	27,1550	28,2050	
24.01.2022	26,7450	26,0750	
25.01.2022	26,7250	25,8850	
26.01.2022	26,4500	27,3300	
27.01.2022	26,3750	27,1650	
28.01.2022	27,2050	26,6500	
31.01.2022	28,1100	27,0800	
01.02.2022	29,1500	28,4050	
02.02.2022	29,4850	29,2750	
03.02.2022	27,6850	28,5000	
04.02.2022	28,0950	27,8050	
07.02.2022	28,5250	28,4850	
08.02.2022	29,2000	28,6575	
09.02.2022	29,7300	29,5750	
10.02.2022	28,2800	28,9700	
11.02.2022	26,4200	28,3500	
14.02.2022	26,4150	26,4000	
15.02.2022	27,5000	27,3300	
16.02.2022	28,0350	27,3000	
17.02.2022	26,3800	27,2300	
18.02.2022	26,0600	26,2400	
22.02.2022	26,1200	25,9600	
23.02.2022	25,3900	26,5000	
24.02.2022	25,7650	23,9800	
25.02.2022	26,2900	25,8800	
28.02.2022	25,6950	25,2900	
01.03.2022	24,2700	25,3400	
02.03.2022	25,0400	24,6150	
03.03.2022	24,9700	25,1850	
04.03.2022	24,4000	24,2750	
07.03.2022	23,5300	24,3700	
08.03.2022	23,5050	23,4450	
09.03.2022	23,9600	24,0900	
10.03.2022	24,4950	23,7950	
11.03.2022	24,2400	24,8550	
14.03.2022	23,8400	24,2900	
15.03.2022	24,2500	24,0800	
16.03.2022	25,4600	24,6850	
17.03.2022	25,6700	25,4500	
18.03.2022	26,3850	25,4350	
21.03.2022	26,4100	26,3000	
22.03.2022	26,6100	26,6500	
23.03.2022	26,6550	26,2750	
24.03.2022	26,9850	26,6900	
25.03.2022	27,3650	27,0650	
28.03.2022	27,5650	27,2300	
29.03.2022	28,2150	27,9500	
30.03.2022	28,0100	28,0850	
31.03.2022	27,2800	27,9500	
01.04.2022	27,8250	27,5700	
04.04.2022	28,5350	27,9250	
05.04.2022	27,3250	28,3500	
06.04.2022	27,0250	26,8750	
07.04.2022	27,3850	26,9300	
08.04.2022	27,4150	27,2350	
11.04.2022	26,6450	27,0850	
12.04.2022	26,4800	26,9350	
13.04.2022	27,4100	26,4600	
14.04.2022	27,0450	27,6050	
15.04.2022			
18.04.2022	27,2200	26,9600	
19.04.2022	27,9100	27,2800	
20.04.2022	28,2350	28,1700	
21.04.2022	27,1825	28,5200	
22.04.2022	25,5600	27,1600	
25.04.2022	25,7800	25,3400	
26.04.2022	24,3950	25,5750	
27.04.2022	24,1900	24,4150	
28.04.2022	24,8100	24,8050	
29.04.2022	23,8300	24,6325	
02.05.2022	24,0100	23,8000	
03.05.2022	24,7200	24,2100	
04.05.2022	25,8400	24,8950	
05.05.2022	23,5750	25,5350	
06.05.2022	23,7250	23,3900	
09.05.2022	22,7550	23,1800	
10.05.2022	23,1300	23,3050	
11.05.2022	23,1850	23,0950	
12.05.2022	23,4150	23,0200	
13.05.2022	24,1550	23,8400	
16.05.2022	24,6500	24,2450	
17.05.2022	24,9600	25,0350	
18.05.2022	23,1650	24,6900	
19.05.2022	23,8700	22,9500	
20.05.2022	23,8400	24,2600	
23.05.2022	24,0100	24,0650	
24.05.2022	23,9650	23,8100	
25.05.2022	24,2150	23,7400	
26.05.2022	24,3000	24,3250	
27.05.2022	24,7900	24,6250	
31.05.2022	25,0150	24,5550	
01.06.2022	25,1000	25,1500	
02.06.2022	25,3550	25,0600	
03.06.2022	25,2250	25,1300	
06.06.2022	25,3900	25,4550	
07.06.2022	25,7050	25,0600	
08.06.2022	25,7550	25,5550	
09.06.2022	25,1050	25,5200	
10.06.2022	24,3300	24,6150	
13.06.2022	22,6300	23,3750	
14.06.2022	23,0450	22,8050	
15.06.2022	23,6800	23,3150	
16.06.2022	22,9400	23,0900	
17.06.2022	23,2900	23,0050	
21.06.2022	23,5100	23,7350	
22.06.2022	23,9850	23,3200	
23.06.2022	23,9800	24,0525	
24.06.2022	24,2050	24,2050	
27.06.2022	24,5800	24,3150	
28.06.2022	24,2300	24,7300	
29.06.2022	24,1950	24,1700	
30.06.2022	24,1050	23,9450	
01.07.2022	24,3850	23,9750	
05.07.2022	24,3800	23,9500	
06.07.2022	24,5900	24,3550	
07.07.2022	24,7250	24,6800	
08.07.2022	25,0100	24,7150	
11.07.2022	24,6300	24,7800	
12.07.2022	24,5100	24,6200	
13.07.2022	24,7200	24,2100	
14.07.2022	24,6850	24,3200	
15.07.2022	25,3050	24,9350	
18.07.2022	24,9250	25,3700	
19.07.2022	25,1050	25,2050	
20.07.2022	25,4250	25,2000	
21.07.2022	25,7050	25,4400	
22.07.2022	25,8150	25,7250	
25.07.2022	25,9350	25,8000	
26.07.2022	25,5950	25,7900	
27.07.2022	26,0500	25,9550	
28.07.2022	26,6750	26,1900	
29.07.2022	26,8650	26,7500	
01.08.2022	26,3700	26,6200	
02.08.2022	26,2150	26,2000	
03.08.2022	26,9000	26,4750	
04.08.2022	26,8700	26,7750	
05.08.2022	27,1650	26,5800	
08.08.2022	27,1250	27,1650	
09.08.2022	27,0500	26,9400	
10.08.2022	27,7800	27,4800	
11.08.2022	27,6900	27,8300	
12.08.2022	27,8400	27,8050	
15.08.2022	28,0700	27,6450	
16.08.2022	27,9700	28,0250	
17.08.2022	28,0100	27,8250	
18.08.2022	28,2300	28,0000	
19.08.2022	27,5450	27,9100	
22.08.2022	26,6250	26,9300	
23.08.2022	26,8250	26,6800	
24.08.2022	27,3000	26,9350	
25.08.2022	27,7300	27,4400	
26.08.2022	26,3850	27,6550	
29.08.2022	26,4600	26,2000	
30.08.2022	26,2500	26,5400	
31.08.2022	26,4850	26,5300	
01.09.2022	26,6300	26,2800	
02.09.2022	26,5100	27,0800	
06.09.2022	26,2150	26,7850	
07.09.2022	26,9150	26,1600	
08.09.2022	27,1350	26,6950	
09.09.2022	27,2850	27,3500	
12.09.2022	27,3150	27,5200	
13.09.2022	26,1350	26,7450	
14.09.2022	26,1550	26,1600	
15.09.2022	26,1850	26,1050	
16.09.2022	26,2100	25,8650	
19.09.2022	26,5850	25,9750	
20.09.2022	26,1650	26,3200	
21.09.2022	25,7350	26,3600	
22.09.2022	25,7800	25,8400	
23.09.2022	25,0150	25,5000	
26.09.2022	24,5850	24,7600	
27.09.2022	24,4050	24,8950	
28.09.2022	24,8900	24,4850	
29.09.2022	24,5450	24,5650	
30.09.2022	24,2950	24,4650	
03.10.2022	24,8100	24,6350	
04.10.2022	25,2550	25,3000	
05.10.2022	25,2050	25,0700	
06.10.2022	24,8100	25,2600	
07.10.2022	24,3150	24,6550	
10.10.2022	24,0200	24,2550	
11.10.2022	23,8150	23,9600	
12.10.2022	23,9400	23,9000	
13.10.2022	24,2950	23,7700	
14.10.2022	24,0150	24,5350	
17.10.2022	24,3250	24,3850	
18.10.2022	24,5700	24,5850	
19.10.2022	24,4800	24,4950	
20.10.2022	24,6200	24,5750	
21.10.2022	24,6600	24,7200	
24.10.2022	24,8800	24,8050	
25.10.2022	25,3800	24,8700	
26.10.2022	25,6650	25,2750	
27.10.2022	25,9250	25,7500	
28.10.2022	26,2300	25,9350	
31.10.2022	26,4400	26,1425	
01.11.2022	26,5850	26,7200	
02.11.2022	26,2400	26,4550	
03.11.2022	26,5200	26,0300	
04.11.2022	26,7000	26,7550	
07.11.2022	26,8300	26,7900	
08.11.2022	26,4350	26,9400	
09.11.2022	26,0300	26,4200	
10.11.2022	26,7450	26,7750	
11.11.2022	26,8950	26,6150	
14.11.2022	26,8900	26,8900	
15.11.2022	26,7600	27,2350	
16.11.2022	27,0800	26,9150	
17.11.2022	27,2200	26,7350	
18.11.2022	27,3800	27,3600	
21.11.2022	27,7300	27,3050	
22.11.2022	28,2250	27,8350	
23.11.2022	28,5250	28,1900	
24.11.2022			
25.11.2022	28,4650	28,3600	
28.11.2022	27,9350	28,1550	
29.11.2022	28,1500	28,0050	
30.11.2022	28,6751	28,1300	
01.12.2022	28,9300	28,7200	
02.12.2022	29,2150	28,6000	
05.12.2022	28,9250	29,0050	
06.12.2022	28,5450	29,0500	
07.12.2022	28,3300	28,4400	
08.12.2022	28,5950	28,3100	
09.12.2022	28,2650	28,5200	
12.12.2022	28,3350	28,2900	
13.12.2022	28,9600	29,1675	
14.12.2022	29,4700	29,0100	
15.12.2022	28,5100	29,1500	
16.12.2022	28,4550	28,2600	
19.12.2022	28,8250	28,5650	
20.12.2022	28,9550	28,7750	
21.12.2022	29,4700	29,2800	
22.12.2022	28,6750	29,3750	
23.12.2022	29,0750	28,7350	
27.12.2022	29,1300	29,0400	
28.12.2022	29,1350	29,2300	
29.12.2022	29,3200	29,3350	
30.12.2022	29,3400	29,1300	
03.01.2023	29,4350	29,4850	
04.01.2023	29,8950	29,5850	
05.01.2023	29,7750	29,7100	
06.01.2023	30,1350	30,0600	
09.01.2023	30,0050	30,2300	
10.01.2023	30,7000	29,9950	
11.01.2023	30,6050	30,7800	
12.01.2023	31,3600	30,9350	
13.01.2023	31,7650	31,2750	
17.01.2023	31,6250	31,5300	
18.01.2023	31,1000	31,8550	
19.01.2023	31,0000	30,6900	
20.01.2023	31,5150	31,1000	
23.01.2023	31,7200	31,5950	
24.01.2023	32,3100	31,5900	
25.01.2023	32,2900	31,8250	
26.01.2023	32,5000	32,5000	
27.01.2023	32,8050	32,5050	
30.01.2023	32,3600	32,3850	
31.01.2023	32,7150	32,3200	
01.02.2023	33,2600	32,7400	
02.02.2023	32,8800	33,5850	
03.02.2023	32,7150	32,4000	
06.02.2023	32,3500	32,4900	
07.02.2023	32,8350	32,2050	
08.02.2023	32,1850	32,6300	
09.02.2023	31,7200	32,4400	
10.02.2023	31,4300	31,4000	
13.02.2023	32,0250	31,7800	
14.02.2023	32,6950	32,3200	
15.02.2023	33,0450	32,6100	
16.02.2023	32,1400	32,5500	
17.02.2023	32,0950	31,8050	
21.02.2023	30,9000	31,3650	
22.02.2023	31,3550	30,8600	
23.02.2023	31,8600	31,6850	
24.02.2023	31,3050	31,3200	
27.02.2023	31,8650	31,6800	
28.02.2023	32,2450	31,9450	
01.03.2023	32,0450	32,1350	
02.03.2023	32,6400	31,7850	
03.03.2023	33,1600	32,8300	
06.03.2023	33,4150	33,2600	
07.03.2023	33,0450	33,3300	
08.03.2023	33,3200	33,0000	
09.03.2023	31,5775	33,5250	
10.03.2023	29,8250	31,2150	
13.03.2023	29,3550	28,3200	
14.03.2023	30,2450	30,4200	
15.03.2023	29,0950	28,9200	
16.03.2023	30,3450	28,6200	
17.03.2023	28,6900	29,8700	
20.03.2023	29,3850	28,6950	
21.03.2023	30,6700	30,0800	
22.03.2023	30,0600	30,7700	
23.03.2023	29,7100	30,5650	
24.03.2023	30,2900	29,2500	
27.03.2023	30,8550	30,6100	
28.03.2023	31,2400	30,8450	
29.03.2023	31,7950	31,6700	
30.03.2023	31,8000	31,8400	
31.03.2023	31,8750	31,8450	
03.04.2023	32,2500	31,8750	
04.04.2023	31,9750	32,1200	
05.04.2023	32,1050	31,8800	
06.04.2023	32,3850	31,9800	
07.04.2023			
10.04.2023	32,5700	32,1650	
11.04.2023	32,7650	32,7100	
12.04.2023	32,6250	33,0000	
13.04.2023	33,2100	32,9100	
14.04.2023	33,5200	33,1600	
17.04.2023	33,9850	33,5600	
18.04.2023	34,1350	34,0450	
19.04.2023	34,1300	33,9700	
20.04.2023	33,7900	33,7650	
21.04.2023	34,1050	33,9250	
24.04.2023	34,1900	34,1100	
25.04.2023	32,7650	33,9000	
26.04.2023	33,2050	33,0600	
27.04.2023	33,8950	33,7550	
28.04.2023	34,6500	34,0150	
01.05.2023	34,8850	34,7500	
02.05.2023	34,1150	34,5800	
03.05.2023	33,5800	33,9950	
04.05.2023	32,8050	33,2800	
05.05.2023	34,0750	33,4450	
08.05.2023	34,3750	34,1900	
09.05.2023	34,0350	34,1150	
10.05.2023	34,4650	34,5500	
11.05.2023	34,7000	34,2850	
12.05.2023	34,6800	34,8500	
15.05.2023	35,1250	34,8050	
16.05.2023	34,6050	34,9050	
17.05.2023	35,1750	35,0150	
18.05.2023	35,9100	35,2200	
19.05.2023	35,4050	36,0150	
22.05.2023	35,4100	35,3850	
23.05.2023	35,0600	35,1950	
24.05.2023	34,4050	34,6500	
25.05.2023	34,7550	34,8550	
26.05.2023	35,4800	35,2000	
30.05.2023	35,9600	36,1100	
31.05.2023	36,0850	35,7850	
01.06.2023	37,1350	36,3600	
02.06.2023	37,8150	37,6100	
05.06.2023	38,2700	37,8650	
06.06.2023	39,3900	38,3950	
07.06.2023	39,3250	39,2850	
08.06.2023	39,8200	39,3000	
09.06.2023	39,6600	39,8200	
12.06.2023	39,5950	39,5300	
13.06.2023	39,6550	39,8700	
14.06.2023	40,2800	39,7350	
15.06.2023	39,7250	40,4050	
16.06.2023	40,4200	39,6950	
20.06.2023	40,4150	40,2750	
21.06.2023	40,8400	40,6150	
22.06.2023	41,3300	40,6300	
23.06.2023	41,0300	40,8300	
26.06.2023	41,0850	41,0550	
27.06.2023	41,6725	41,2700	
28.06.2023	42,3950	41,7350	
29.06.2023	41,9350	42,3300	
30.06.2023	42,3400	42,2500	
03.07.2023	42,3800	42,3650	
04.07.2023			
05.07.2023	42,1300	42,1150	
06.07.2023	41,0400	41,1400	
07.07.2023	41,4250	40,8100	
10.07.2023	41,6650	41,4350	
11.07.2023	41,8600	42,0350	
12.07.2023	43,0300	42,5350	
13.07.2023	42,8850	43,4200	
14.07.2023	43,1400	42,9000	
17.07.2023	43,2050	43,0600	
18.07.2023	43,4200	43,2250	
19.07.2023	43,0950	43,7600	
20.07.2023	43,1150	42,9550	
21.07.2023	43,3600	43,3950	
24.07.2023	43,7250	43,4450	
25.07.2023	43,7700	43,7500	
26.07.2023	44,3450	43,4600	
27.07.2023	43,2400	44,7550	
28.07.2023	44,1100	44,0550	
31.07.2023	44,4400	44,1850	
01.08.2023	44,0700	43,8000	
02.08.2023	42,0550	42,6250	
03.08.2023	42,1050	41,3150	
04.08.2023	41,4250	42,8700	
07.08.2023	42,5100	41,9050	
08.08.2023	42,0650	41,6150	
09.08.2023	42,2650	42,3100	
10.08.2023	42,1850	42,9750	
11.08.2023	43,0100	41,8050	
14.08.2023	43,3950	42,7600	
15.08.2023	42,1450	43,0950	
16.08.2023	41,8150	42,2300	
17.08.2023	40,8300	42,1450	
18.08.2023	41,3400	40,2150	
21.08.2023	41,8900	41,5950	
22.08.2023	41,8100	42,3550	
23.08.2023	42,5100	42,0900	
24.08.2023	41,6950	42,8200	
25.08.2023	42,5950	41,9750	
28.08.2023	43,4200	43,0000	
29.08.2023	43,9900	43,5000	
30.08.2023	44,7050	44,2250	
31.08.2023	45,1750	44,7450	
01.09.2023	45,4750	45,5150	
05.09.2023	45,2950	45,3900	
06.09.2023	44,9150	45,2100	
07.09.2023	44,9500	44,2450	
08.09.2023	45,4100	44,9850	
11.09.2023	45,9700	45,8500	
12.09.2023	45,8350	45,7350	
13.09.2023	46,2400	46,0200	
14.09.2023	46,9800	46,6100	
15.09.2023	46,1000	46,8300	
18.09.2023	46,2550	45,8150	
19.09.2023	46,4150	46,2650	
20.09.2023	45,5150	46,7850	
21.09.2023	43,7300	44,4800	
22.09.2023	43,7150	43,8800	
25.09.2023	43,6950	43,1350	
26.09.2023	41,7200	43,2200	
27.09.2023	42,5650	42,2900	
28.09.2023	43,5500	42,5600	
29.09.2023	43,1700	44,3900	
02.10.2023	43,0800	43,0675	
03.10.2023	41,0550	42,4800	
04.10.2023	42,1350	41,4500	
05.10.2023	42,3850	42,1000	
06.10.2023	42,7050	41,7200	
09.10.2023	43,0000	41,9050	
10.10.2023	43,6950	43,2500	
11.10.2023	44,0750	43,9700	
12.10.2023	43,6500	44,3650	
13.10.2023	40,9900	43,7350	
16.10.2023	42,9900	41,8150	
17.10.2023	42,4100	42,1250	
18.10.2023	41,0350	41,8900	
19.10.2023	40,0100	41,3350	
20.10.2023	39,9150	40,0000	
23.10.2023	40,5950	39,5300	
24.10.2023	41,4900	41,1250	
25.10.2023	40,1800	41,4000	
26.10.2023	40,0350	40,1700	
27.10.2023	39,3550	40,4000	
30.10.2023	40,7950	40,0850	
31.10.2023	42,1100	40,9650	
01.11.2023	43,0600	42,2950	
02.11.2023	43,8000	43,5350	
03.11.2023	44,2900	44,1750	
06.11.2023	45,0650	44,5950	
07.11.2023	45,2050	45,1150	
08.11.2023	45,6400	45,4850	
09.11.2023	44,7550	45,8500	
10.11.2023	45,6600	45,1550	
13.11.2023	45,9350	45,4750	
14.11.2023	46,0650	46,6900	
15.11.2023	46,5800	46,5050	
16.11.2023	46,9100	46,6350	
17.11.2023	47,3200	47,0500	
20.11.2023	47,4950	47,4750	
21.11.2023	47,9800	47,4550	
22.11.2023	47,8050	48,3450	
23.11.2023			
24.11.2023	48,7900	47,9500	
27.11.2023	48,7050	48,6850	
28.11.2023	49,0250	48,8100	
29.11.2023	48,6800	49,2250	
30.11.2023	49,0100	48,7650	
01.12.2023	49,1150	49,1800	
04.12.2023	49,0550	48,7900	
05.12.2023	49,2300	48,9500	
06.12.2023	49,1450	49,5200	
07.12.2023	49,1400	49,2400	
08.12.2023	49,7850	49,3650	
11.12.2023	50,4450	49,9100	
12.12.2023	51,1550	50,7350	
13.12.2023	51,5450	51,3400	
14.12.2023	51,5450	51,7550	
15.12.2023	50,7581	51,4250	
18.12.2023	50,7800	50,8600	
19.12.2023	50,3950	50,5950	
20.12.2023	48,8250	50,5400	
21.12.2023	49,2950	49,1450	
22.12.2023	49,9900	49,5000	
26.12.2023	50,6350	50,0950	
27.12.2023	51,6850	50,8050	
28.12.2023	51,7550	51,8225	
29.12.2023	51,7000	51,7750	
02.01.2024	51,7100	51,0750	
03.01.2024	50,8150	51,2950	
04.01.2024	50,8900	50,7800	
05.01.2024	51,6900	51,0250	
08.01.2024	52,2850	51,7450	
09.01.2024	52,8950	52,0250	
10.01.2024	53,1600	53,1450	
11.01.2024	53,3000	53,4750	
12.01.2024	52,9400	53,4750	
16.01.2024	52,0650	52,3000	
17.01.2024	51,0550	51,2800	
18.01.2024	51,9300	51,6650	
19.01.2024	52,5850	52,4100	
22.01.2024	53,4950	52,8750	
23.01.2024	54,2450	53,8300	
24.01.2024	53,5850	54,4850	
25.01.2024	53,2250	53,7050	
26.01.2024	53,4550	53,3600	
29.01.2024	53,2600	53,4300	
30.01.2024	53,6700	53,4450	
31.01.2024	52,3050	53,5800	
01.02.2024	52,5100	52,7150	
02.02.2024	52,6050	52,5850	
05.02.2024	53,6500	52,8850	
06.02.2024	54,3150	53,8750	
07.02.2024	54,4050	54,5775	
08.02.2024	54,6300	54,4400	
09.02.2024	54,4300	54,7000	
12.02.2024	53,8300	54,5900	
13.02.2024	51,7750	52,9900	
14.02.2024	53,2900	52,9150	
15.02.2024	53,4300	53,5800	
16.02.2024	53,5750	53,3050	
20.02.2024	52,6650	53,1800	
21.02.2024	52,8900	52,5000	
22.02.2024	53,4650	53,9650	
23.02.2024	54,3850	53,8500	
26.02.2024	54,6900	54,6500	
27.02.2024	55,2275	54,9850	
28.02.2024	54,7900	55,0450	
29.02.2024	55,1800	55,2500	
01.03.2024	55,1450	55,3950	
04.03.2024	55,1700	55,1550	
05.03.2024	54,0300	54,8550	
06.03.2024	53,9700	54,7350	
07.03.2024	54,1100	54,5575	
08.03.2024	53,4400	54,4500	
11.03.2024	53,6900	53,2900	
12.03.2024	55,0300	54,3550	
13.03.2024	55,2150	55,0850	
14.03.2024	54,4850	55,3550	
15.03.2024	53,9750	54,0050	
18.03.2024	54,5650	54,3500	
19.03.2024	55,3250	54,5750	
20.03.2024	55,9600	55,3250	
21.03.2024	56,1650	56,2500	
22.03.2024	56,0725	55,9800	
25.03.2024	56,2250	56,0600	
26.03.2024	56,3850	56,5250	
27.03.2024	56,8700	56,7500	
28.03.2024	56,3200	56,9100	
01.04.2024	56,1800	56,3950	
02.04.2024	55,3700	55,2350	
03.04.2024	55,5450	55,0300	
04.04.2024	54,3250	56,0650	
05.04.2024	53,7800	53,8850	
08.04.2024	54,8500	54,3600	
09.04.2024	55,0600	55,1100	
10.04.2024	54,5800	54,3400	
11.04.2024	55,0800	54,5800	
12.04.2024	52,7800	53,8700	
15.04.2024	51,2700	53,3400	
16.04.2024	52,0800	51,4300	
17.04.2024	52,4100	52,3100	
18.04.2024	52,1200	52,7100	
19.04.2024	51,4800	52,0700	
22.04.2024	53,4600	52,5300	
23.04.2024	54,5100	54,1000	
24.04.2024	54,8400	54,7300	
25.04.2024	54,2100	53,2700	
26.04.2024	55,1300	55,0600	
29.04.2024	55,5900	55,3800	
30.04.2024	54,7800	55,5100	
01.05.2024	54,6100	54,4400	
02.05.2024	55,5200	55,2400	
03.05.2024	56,5300	56,5100	
